377	0	9
397	0	9
387	0	9
307	0	9
341	0	9
332	0	9
351	0	9
396	0	9
379	0	9
309	0	9
343	0	9
384	0	9
375	0	9
315	0	9
348	0	9
353	0	9
313	0	9
344	0	9
334	0	9
352	0	9
314	0	9
336	0	9
350	0	9
311	0	9
388	0	9
378	0	9
373	0	9
383	0	9
376	0	9
381	0	9
345	0	9
349	0	9
371	0	9
374	0	9
335	0	9
347	0	9
398	0	9
395	0	9
312	0	9
354	0	9
385	0	9
337	0	9
342	0	9
386	0	9
333	0	9
310	0	9
356	0	9
380	0	9
389	0	9
346	0	9
370	0	9
382	0	9
355	0	7
308	0	7
372	0	7
lincoln	1	1
jackson	1	12
madison	1	12
anson	1	2
1333	0	9
1319	0	8
1315	0	8
1343	0	8
1346	0	8
1335	0	8
1323	0	8
1339	0	8
1326	0	8
1139	0	9
1337	0	9
1329	0	8
1321	0	8
1328	0	9
1324	0	8
1322	0	8
1336	0	8
1327	0	8
1341	0	8
1320	0	8
1318	0	8
1332	0	9
1344	0	8
1340	0	8
1317	0	8
1338	0	8
1325	0	9
1331	0	8
1330	0	8
1334	0	8
1345	0	8
1316	0	8
1137	0	8
1140	0	9
1342	0	9
1138	0	9
franklin	1	7
1685	0	4
1684	0	4
1682	0	13
1679	0	13
1680	0	13
1681	0	13
1683	0	13
1619	0	9
1646	0	9
1627	0	13
1623	0	13
1621	0	9
1649	0	13
1674	0	13
1622	0	13
1628	0	13
1625	0	9
1624	0	9
1645	0	9
1626	0	9
1620	0	9
1647	0	9
1648	0	9
1629	0	13
1678	0	13
orange	1	9
beaufort	1	13
sampson	1	5
nash	1	7
forsyth	1	8
gaston	1	1
duplin	1	5
wilkes	1	3
person	1	9
brunswick	1	4
rutherford	1	12
perquimans	1	13
wayne	1	5
new hanover	1	4
2149	0	2
2214	0	2
2295	0	6
2139	0	2
2177	0	2
2236	0	6
2171	0	6
2146	0	2
2235	0	2
2258	0	6
2215	0	2
2115	0	6
2147	0	2
2278	0	2
2213	0	2
2283	0	2
2188	0	6
2249	0	6
2288	0	2
2208	0	6
2152	0	6
2178	0	2
2267	0	2
2196	0	2
2308	0	6
2305	0	2
2153	0	6
2241	0	6
2150	0	2
2195	0	2
2159	0	6
2276	0	6
2244	0	2
2189	0	2
2279	0	2
2129	0	6
2233	0	6
2155	0	2
2202	0	2
2204	0	2
2268	0	6
2281	0	2
2173	0	6
2122	0	6
2184	0	6
2133	0	2
2182	0	6
2280	0	2
2162	0	6
2234	0	2
2296	0	6
2226	0	6
2199	0	2
2243	0	2
2186	0	6
2302	0	6
2151	0	6
2269	0	2
2138	0	2
2132	0	2
2247	0	6
2216	0	2
2217	0	2
2187	0	6
2206	0	6
2127	0	6
2161	0	6
2251	0	6
2230	0	2
2121	0	2
2135	0	6
2238	0	2
2254	0	2
2229	0	2
2194	0	6
2140	0	6
2168	0	6
2169	0	2
2291	0	6
2300	0	2
2265	0	6
2117	0	6
2224	0	2
2119	0	2
2297	0	6
2176	0	2
2163	0	6
2134	0	2
2136	0	6
2257	0	6
2287	0	2
2191	0	6
2212	0	2
2126	0	6
2237	0	2
2157	0	2
2207	0	6
2255	0	2
2198	0	2
2219	0	6
2154	0	6
2165	0	6
2220	0	6
2183	0	6
2263	0	6
2118	0	6
2203	0	2
2218	0	2
2282	0	2
2289	0	6
2227	0	6
2209	0	2
2239	0	2
1705	0	6
2174	0	6
2301	0	2
2211	0	6
2145	0	2
2223	0	2
2277	0	6
2309	0	6
2225	0	6
2273	0	2
2120	0	2
2128	0	6
2142	0	2
2306	0	6
2240	0	6
2232	0	6
2131	0	2
2143	0	2
2114	0	2
2292	0	6
2193	0	2
2123	0	2
2167	0	6
2259	0	6
2253	0	6
2148	0	2
2130	0	6
2245	0	2
2200	0	2
2266	0	6
2264	0	6
2248	0	6
2242	0	2
2221	0	6
2290	0	6
2274	0	2
2303	0	2
2164	0	6
2179	0	6
2304	0	6
2190	0	6
2201	0	2
2116	0	6
2137	0	2
2160	0	2
2256	0	2
2141	0	6
2166	0	6
2172	0	2
1704	0	6
2185	0	6
2205	0	6
2275	0	6
2272	0	6
2228	0	6
2252	0	6
2284	0	2
2270	0	2
2181	0	6
2294	0	6
2170	0	6
2246	0	2
2271	0	2
2298	0	2
2197	0	2
2180	0	6
2210	0	6
2175	0	2
2222	0	2
2144	0	2
2124	0	2
2299	0	2
2307	0	6
2158	0	2
2260	0	6
2250	0	6
2192	0	2
2293	0	6
2156	0	6
2262	0	6
2231	0	6
2261	0	6
1642	0	8
1672	0	8
1663	0	8
1653	0	8
1656	0	8
1637	0	8
1654	0	8
1643	0	8
1652	0	8
1630	0	8
1668	0	8
1665	0	8
1650	0	8
1660	0	8
1670	0	8
1651	0	8
1631	0	8
1633	0	8
1676	0	8
1640	0	8
1634	0	8
1667	0	8
1655	0	8
1657	0	3
1638	0	3
1671	0	3
1658	0	3
1641	0	3
1675	0	3
1669	0	3
1632	0	3
1659	0	3
1664	0	3
1636	0	3
1673	0	3
1635	0	3
1644	0	3
1666	0	3
1661	0	3
1639	0	3
1662	0	3
1677	0	3
warren	1	9
hoke	1	5
1511	0	1
1514	0	1
1506	0	1
1503	0	1
1520	0	1
1521	0	1
1512	0	1
1502	0	1
1522	0	1
1507	0	1
1527	0	1
1523	0	1
1509	0	1
1528	0	1
1510	0	1
1519	0	1
1516	0	1
1505	0	1
1513	0	1
1529	0	1
1515	0	1
1525	0	1
1504	0	1
1518	0	1
1508	0	1
1524	0	1
1517	0	1
1526	0	12
granville	1	9
pamlico	1	13
guilford	1	11
tyrrell	1	13
alleghany	1	3
craven	1	13
bladen	1	5
cherokee	1	12
yadkin	1	3
johnston	1	10
currituck	1	13
montgomery	1	11
catawba	1	1
chowan	1	13
pasquotank	1	13
carteret	1	13
graham	1	12
haywood	1	12
burke	1	1
edgecombe	1	7
macon	1	12
richmond	1	2
pitt	1	13
iredell	1	3
2590	0	7
2428	0	10
2583	0	10
2489	0	7
2483	0	10
2480	0	7
2472	0	7
2587	0	10
2579	0	10
2452	0	10
2574	0	7
2605	0	10
2499	0	7
2476	0	10
2448	0	10
2449	0	10
2518	0	7
2551	0	10
2420	0	10
2517	0	10
2468	0	10
2515	0	7
2541	0	10
2589	0	7
2560	0	7
2559	0	7
2573	0	7
2580	0	10
2545	0	10
2595	0	10
2532	0	7
2565	0	7
2442	0	10
2507	0	7
2454	0	7
2540	0	10
2463	0	10
2470	0	10
2464	0	10
2417	0	7
2530	0	10
2510	0	7
2520	0	7
2598	0	7
2531	0	10
2529	0	7
2552	0	10
2473	0	7
2440	0	10
2421	0	10
2514	0	7
2543	0	7
2456	0	7
2521	0	7
2533	0	10
2516	0	7
2572	0	7
2549	0	7
2484	0	7
2436	0	7
2523	0	7
2462	0	10
2567	0	10
2461	0	10
2418	0	7
2498	0	7
2423	0	7
2537	0	7
2487	0	7
2439	0	10
2539	0	10
2457	0	7
2584	0	10
2558	0	10
2527	0	10
2425	0	7
2416	0	7
2582	0	10
2546	0	7
2577	0	7
2475	0	10
2592	0	7
2594	0	7
2603	0	10
2469	0	10
2502	0	7
2437	0	7
2554	0	10
2485	0	10
2441	0	10
2479	0	10
2571	0	7
2585	0	10
2427	0	7
2496	0	7
2453	0	7
2536	0	7
2431	0	10
2588	0	7
2606	0	10
2544	0	7
2597	0	10
2525	0	7
2512	0	7
2477	0	10
2455	0	7
2528	0	10
2493	0	7
2482	0	10
2451	0	10
2490	0	7
2599	0	7
2471	0	10
2557	0	10
2575	0	7
2547	0	10
2522	0	10
2426	0	10
2478	0	10
2505	0	7
2474	0	10
2568	0	10
2444	0	7
2578	0	10
2429	0	7
2511	0	7
2434	0	10
2450	0	7
2600	0	7
2524	0	7
2503	0	7
2604	0	10
2424	0	10
2481	0	7
2526	0	10
2601	0	7
2435	0	10
2562	0	7
2586	0	10
2458	0	7
2467	0	10
2445	0	7
2430	0	10
2569	0	10
2570	0	7
2491	0	7
2419	0	10
2504	0	7
2488	0	7
2443	0	7
2576	0	10
2519	0	10
2433	0	10
2465	0	10
2466	0	10
2492	0	7
2564	0	10
2556	0	10
2534	0	10
2501	0	10
2548	0	7
2538	0	10
2561	0	7
2500	0	7
2508	0	7
2535	0	7
2432	0	10
2497	0	7
2542	0	10
2506	0	7
2446	0	10
2550	0	7
2486	0	7
2513	0	7
2593	0	7
2563	0	7
2566	0	10
2495	0	7
2494	0	7
2596	0	10
2422	0	10
2438	0	7
2459	0	7
2581	0	10
2553	0	10
2509	0	7
2555	0	10
2591	0	7
2602	0	10
2447	0	10
2460	0	10
scotland	1	2
lenoir	1	13
randolph	1	11
chatham	1	9
martin	1	13
polk	1	12
camden	1	13
rowan	1	3
harnett	1	10
lee	1	10
clay	1	12
cumberland	1	5
moore	1	11
robeson	1	4
watauga	1	3
washington	1	13
henderson	1	12
bertie	1	13
halifax	1	9
columbus	1	4
vance	1	9
dare	1	13
rockingham	1	8
hertford	1	13
avery	1	3
cabarrus	1	6
hyde	1	13
yancey	1	3
pender	1	4
buncombe	1	12
greene	1	13
union	1	2
surry	1	3
caswell	1	8
caldwell	1	1
davie	1	3
mcdowell	1	12
mitchell	1	3
stokes	1	8
gates	1	13
swain	1	12
stanly	1	2
alexander	1	1
transylvania	1	12
ashe	1	3
onslow	1	4
wilson	1	5
