pasquotank	1	5
cherokee	1	8
cabarrus	1	2
washington	1	5
2157	0	9
2115	0	2
1704	0	9
2126	0	9
2242	0	9
2197	0	9
2186	0	9
2256	0	9
2148	0	9
2145	0	9
2287	0	9
2181	0	9
2304	0	2
2164	0	9
2170	0	9
2292	0	9
2182	0	9
2247	0	9
2306	0	9
2204	0	9
2118	0	9
2274	0	9
2239	0	9
2296	0	2
2267	0	9
2273	0	9
2141	0	2
2231	0	9
2218	0	2
2180	0	9
2158	0	9
2132	0	9
2283	0	2
2183	0	9
2168	0	2
2295	0	2
2235	0	9
2230	0	9
2171	0	9
2228	0	9
2216	0	9
2254	0	9
2308	0	9
2192	0	2
2221	0	9
2121	0	2
2260	0	2
2200	0	9
2150	0	9
2177	0	9
2215	0	2
2175	0	9
2282	0	9
2305	0	2
2149	0	2
2176	0	9
2222	0	2
2211	0	9
2156	0	9
2207	0	2
2259	0	2
2236	0	9
2232	0	9
2179	0	9
2257	0	9
2297	0	2
2279	0	2
2261	0	9
2298	0	2
2189	0	9
2244	0	9
2154	0	9
2205	0	9
2217	0	9
2127	0	2
2114	0	9
2288	0	9
2299	0	9
2129	0	2
2138	0	9
2196	0	9
2226	0	9
2227	0	9
1705	0	9
2249	0	9
2146	0	2
2194	0	9
2246	0	9
2147	0	9
2275	0	9
2185	0	9
2117	0	9
2124	0	9
2294	0	9
2159	0	9
2265	0	9
2280	0	9
2165	0	9
2167	0	9
2187	0	9
2225	0	9
2152	0	9
2237	0	9
2289	0	9
2184	0	9
2193	0	2
2271	0	9
2214	0	2
2219	0	9
2172	0	9
2251	0	2
2206	0	2
2212	0	9
2122	0	2
2142	0	2
2245	0	9
2139	0	9
2130	0	2
2290	0	9
2169	0	2
2223	0	9
2137	0	9
2151	0	9
2264	0	9
2253	0	9
2278	0	2
2191	0	2
2201	0	2
2309	0	9
2143	0	9
2262	0	9
2178	0	9
2220	0	9
2161	0	9
2166	0	9
2243	0	9
2248	0	9
2153	0	9
2277	0	9
2133	0	9
2119	0	9
2302	0	9
2268	0	2
2213	0	9
2234	0	2
2250	0	9
2134	0	9
2269	0	2
2144	0	2
2173	0	9
2291	0	9
2131	0	2
2233	0	9
2136	0	9
2301	0	9
2224	0	9
2198	0	9
2276	0	9
2120	0	9
2199	0	9
2300	0	9
2281	0	9
2128	0	2
2140	0	2
2293	0	9
2255	0	9
2160	0	2
2195	0	9
2163	0	9
2272	0	9
2174	0	9
2135	0	9
2266	0	9
2307	0	9
2252	0	9
2209	0	2
2303	0	9
2190	0	2
2203	0	9
2263	0	9
2258	0	9
2238	0	9
2188	0	9
2210	0	9
2123	0	9
2202	0	2
2155	0	9
2241	0	9
2229	0	2
2240	0	9
2270	0	9
2116	0	9
2208	0	2
2162	0	9
2284	0	2
avery	1	10
henderson	1	8
hertford	1	5
nash	1	5
578	0	1
575	0	1
579	0	1
576	0	1
572	0	1
573	0	1
571	0	1
577	0	1
574	0	1
581	0	2
580	0	2
halifax	1	5
mitchell	1	10
rutherford	1	10
carteret	1	7
franklin	1	5
edgecombe	1	5
perquimans	1	5
transylvania	1	8
clay	1	8
pamlico	1	5
person	1	6
moore	1	1
21	0	2
1738	0	2
20	0	2
1740	0	2
1727	0	2
1710	0	2
1737	0	2
1742	0	2
1741	0	2
1739	0	2
1702	0	2
1711	0	4
1733	0	4
1703	0	4
1726	0	4
1728	0	4
1709	0	4
1735	0	4
19	0	4
1731	0	4
1736	0	4
1708	0	4
1732	0	4
1712	0	4
1730	0	4
1734	0	4
1713	0	4
1706	0	4
1707	0	4
brunswick	1	3
martin	1	5
davie	1	4
madison	1	8
alexander	1	4
pender	1	3
2512	0	6
2442	0	13
2427	0	13
2421	0	13
2459	0	13
2597	0	13
2550	0	13
2493	0	13
2419	0	13
2536	0	6
2527	0	13
2578	0	13
2547	0	13
2481	0	13
2577	0	13
2570	0	6
2506	0	13
2583	0	13
2569	0	13
2514	0	6
2503	0	13
2516	0	13
2548	0	13
2429	0	13
2498	0	6
2557	0	13
2552	0	13
2562	0	6
2477	0	13
2513	0	6
2587	0	13
2474	0	13
2471	0	13
2519	0	13
2468	0	13
2432	0	13
2465	0	13
2489	0	13
2582	0	13
2463	0	13
2540	0	13
2431	0	13
2508	0	13
2426	0	13
2572	0	6
2604	0	13
2558	0	13
2504	0	13
2446	0	13
2485	0	13
2599	0	13
2469	0	13
2452	0	13
2501	0	13
2458	0	13
2486	0	13
2573	0	13
2534	0	13
2533	0	13
2595	0	13
2598	0	13
2433	0	13
2517	0	13
2437	0	13
2571	0	13
2440	0	13
2490	0	13
2590	0	6
2537	0	13
2541	0	13
2466	0	13
2515	0	6
2560	0	6
2538	0	13
2566	0	13
2585	0	13
2561	0	6
2535	0	13
2556	0	13
2500	0	6
2593	0	6
2496	0	13
2473	0	13
2565	0	13
2447	0	13
2559	0	6
2441	0	13
2445	0	13
2416	0	13
2576	0	13
2448	0	13
2579	0	13
2497	0	6
2555	0	13
2542	0	13
2494	0	13
2545	0	13
2484	0	13
2487	0	13
2549	0	13
2594	0	6
2554	0	13
2425	0	13
2434	0	13
2492	0	13
2544	0	13
2428	0	13
2606	0	13
2603	0	13
2584	0	13
2438	0	13
2456	0	13
2518	0	13
2581	0	13
2521	0	13
2464	0	13
2568	0	13
2491	0	13
2424	0	13
2417	0	6
2420	0	13
2495	0	13
2462	0	13
2586	0	13
2423	0	13
2551	0	13
2575	0	13
2574	0	6
2507	0	6
2472	0	13
2520	0	13
2430	0	13
2478	0	13
2600	0	13
2531	0	13
2564	0	13
2449	0	13
2461	0	13
2553	0	13
2460	0	13
2475	0	13
2505	0	13
2436	0	13
2483	0	13
2528	0	13
2502	0	13
2602	0	13
2529	0	13
2567	0	13
2591	0	6
2524	0	13
2580	0	13
2526	0	13
2589	0	6
2563	0	6
2588	0	6
2454	0	13
2422	0	13
2509	0	6
2530	0	13
2543	0	13
2439	0	13
2455	0	13
2510	0	6
2532	0	13
2601	0	13
2480	0	13
2418	0	13
2443	0	13
2453	0	13
2435	0	13
2522	0	13
2525	0	13
2605	0	13
2488	0	13
2539	0	13
2444	0	13
2596	0	13
2457	0	13
2470	0	13
2482	0	13
2479	0	13
2546	0	13
2450	0	13
2467	0	13
2451	0	13
2523	0	13
2499	0	6
2476	0	13
2592	0	6
2511	0	6
union	1	2
vance	1	6
rowan	1	4
caswell	1	12
rockingham	1	12
durham	1	6
yadkin	1	4
jones	1	7
watauga	1	4
chowan	1	5
hoke	1	1
swain	1	8
832	0	12
828	0	12
890	0	12
886	0	12
969	0	12
825	0	12
880	0	12
935	0	12
823	0	12
939	0	12
904	0	12
936	0	12
899	0	12
856	0	12
907	0	12
884	0	12
831	0	12
925	0	12
817	0	12
915	0	12
833	0	12
827	0	12
816	0	12
958	0	12
892	0	12
941	0	12
905	0	12
978	0	12
960	0	12
977	0	12
930	0	12
916	0	12
919	0	12
814	0	12
887	0	12
841	0	12
837	0	12
812	0	12
839	0	12
883	0	12
961	0	12
918	0	12
968	0	12
917	0	12
910	0	12
971	0	12
965	0	12
881	0	12
972	0	12
834	0	12
959	0	12
898	0	12
938	0	12
878	0	12
842	0	12
875	0	12
873	0	12
826	0	12
845	0	12
967	0	12
835	0	12
877	0	12
896	0	12
840	0	12
964	0	12
926	0	12
882	0	12
847	0	12
920	0	12
944	0	12
949	0	12
942	0	12
982	0	12
940	0	12
846	0	12
981	0	12
895	0	12
854	0	12
872	0	12
929	0	12
947	0	12
836	0	12
818	0	12
970	0	12
815	0	12
894	0	12
980	0	12
888	0	12
937	0	12
973	0	12
853	0	12
897	0	12
874	0	12
951	0	12
829	0	12
927	0	12
843	0	12
824	0	12
928	0	12
891	0	12
966	0	12
906	0	12
879	0	12
849	0	12
903	0	12
979	0	12
850	0	12
954	0	12
885	0	12
838	0	12
822	0	12
934	0	11
893	0	11
876	0	11
922	0	11
844	0	11
956	0	11
830	0	11
976	0	11
889	0	11
945	0	11
955	0	11
943	0	11
900	0	11
953	0	11
813	0	11
909	0	11
957	0	11
950	0	11
858	0	11
902	0	11
912	0	11
974	0	11
932	0	11
948	0	11
921	0	11
821	0	11
857	0	11
923	0	11
924	0	11
975	0	11
848	0	11
913	0	11
946	0	11
914	0	11
820	0	11
963	0	11
852	0	11
851	0	11
855	0	11
952	0	11
931	0	11
908	0	11
901	0	11
933	0	11
911	0	11
962	0	11
819	0	11
322	0	4
331	0	4
316	0	4
403	0	4
330	0	4
317	0	4
325	0	4
400	0	4
399	0	4
323	0	4
402	0	4
393	0	4
319	0	4
328	0	4
394	0	4
318	0	4
338	0	4
392	0	4
327	0	4
339	0	4
391	0	4
326	0	4
329	0	4
340	0	4
390	0	4
321	0	4
401	0	4
320	0	4
324	0	11
tyrrell	1	5
alleghany	1	4
northampton	1	5
orange	1	12
cleveland	1	10
164	0	6
155	0	6
148	0	6
158	0	6
131	0	6
165	0	6
159	0	6
149	0	6
154	0	6
132	0	6
136	0	6
163	0	6
160	0	6
166	0	6
157	0	6
142	0	6
138	0	6
140	0	6
161	0	6
144	0	6
134	0	6
143	0	6
151	0	6
133	0	6
162	0	6
137	0	6
156	0	6
139	0	6
145	0	5
152	0	5
153	0	5
135	0	5
150	0	5
146	0	5
141	0	5
130	0	5
147	0	5
columbus	1	3
forsyth	1	11
scotland	1	3
gaston	1	10
harnett	1	1
montgomery	1	1
cumberland	1	1
robeson	1	3
bertie	1	5
hyde	1	5
buncombe	1	8
lee	1	1
bladen	1	3
gates	1	5
warren	1	5
dare	1	5
duplin	1	3
wilkes	1	4
burke	1	8
onslow	1	7
stanly	1	2
670	0	9
666	0	9
669	0	9
685	0	9
688	0	9
686	0	10
689	0	10
690	0	10
683	0	10
693	0	10
715	0	10
681	0	10
716	0	10
697	0	10
695	0	10
667	0	10
691	0	10
665	0	10
696	0	10
687	0	10
663	0	10
694	0	10
668	0	10
682	0	10
662	0	10
664	0	10
692	0	10
684	0	10
macon	1	8
richmond	1	1
1352	0	8
1362	0	8
1348	0	8
1363	0	8
1353	0	8
1358	0	8
1349	0	8
1361	0	8
1360	0	8
1351	0	8
1359	0	8
1356	0	8
1357	0	8
1350	0	8
1355	0	8
1354	0	8
1347	0	10
1000	0	3
990	0	3
992	0	3
996	0	3
986	0	3
994	0	3
991	0	3
998	0	3
1005	0	3
1010	0	3
999	0	3
1002	0	3
1003	0	3
1006	0	3
987	0	3
1007	0	3
989	0	3
1001	0	3
993	0	3
988	0	3
1004	0	3
995	0	3
997	0	6
randolph	1	11
catawba	1	10
craven	1	7
greene	1	7
camden	1	5
graham	1	8
davidson	1	4
wayne	1	7
new hanover	1	3
1381	0	6
1367	0	6
1373	0	6
1372	0	6
1380	0	6
1365	0	11
1371	0	11
1368	0	6
1366	0	11
1378	0	11
1364	0	11
1369	0	11
1374	0	11
1370	0	11
1377	0	11
1376	0	11
1379	0	11
1375	0	11
stokes	1	11
alamance	1	12
wilson	1	5
ashe	1	4
currituck	1	5
yancey	1	8
haywood	1	8
caldwell	1	10
pitt	1	7
lenoir	1	7
granville	1	6
2071	0	5
2085	0	5
2084	0	5
2083	0	5
2074	0	5
2072	0	5
2082	0	5
2076	0	5
2080	0	5
2077	0	5
2079	0	5
2069	0	5
2089	0	5
2087	0	5
2081	0	5
2078	0	5
2070	0	5
2075	0	5
2088	0	7
2073	0	7
2086	0	7
polk	1	10
jackson	1	8
