1	-82.1572357	35.31326
2	-82.2979896	35.2610918
3	-82.2674082	35.2213121
4	-82.1599521	35.2651188
5	-82.039908	35.2364973
6	-82.2085662	35.3558851
7	-82.1578172	35.2158261
8	-80.6291611	35.5182137
9	-80.5915275	35.5371144
10	-80.7023276	35.5281531
11	-80.6542246	35.5427171
12	-80.4589462	35.7157458
13	-80.5190027	35.5673607
14	-80.4876583	35.533368
15	-80.4271363	35.6163455
16	-80.445847	35.5937533
17	-80.6881183	35.745499
18	-80.5034563	35.6944093
19	-80.7716739	35.8464438
20	-80.8192134	35.6667474
21	-80.7676206	35.5646928
22	-76.9001823	36.1906755
23	-76.9949836	36.1767714
24	-76.8128675	36.180137
25	-76.7520209	35.9543522
26	-76.9271426	36.0876545
27	-76.9357773	35.9620471
28	-77.08228	36.2040843
29	-77.058165	36.0921861
30	-81.6866481	36.1460469
31	-81.5833329	36.1433245
32	-81.6974705	36.1875295
33	-81.8278571	36.1848768
34	-81.5412496	36.1842401
35	-81.6827469	36.2116685
36	-81.6817592	36.2212566
37	-81.6192643	36.213336
38	-81.8862378	36.2162203
39	-81.7618631	36.1828958
40	-81.6698714	36.2401997
41	-81.7423068	36.2273866
42	-81.521208	36.2317695
43	-81.8475668	36.2432583
44	-81.6599241	36.2824126
45	-81.616905	36.3047636
46	-81.7581369	36.3019728
47	-81.837539	36.314565
48	-81.6929568	36.3523674
49	-81.6746218	36.2126813
50	-82.0033554	36.1085615
51	-81.9405678	36.0003523
52	-81.9297857	36.2354622
53	-81.877814	36.1613319
54	-79.4247909	36.4986396
55	-79.4322659	36.3920669
56	-79.3472998	36.4770532
57	-79.4613698	36.2844967
58	-79.3168492	36.3970962
59	-81.9602292	36.1350609
60	-81.9679842	36.0583844
61	-81.9692111	36.0205245
62	-82.0455572	36.0830133
63	-82.0019767	35.9604952
64	-81.8098176	36.0341551
65	-82.0190274	36.0241523
66	-79.3686907	36.3646487
67	-79.2246812	36.4955611
68	-79.2036899	36.4042142
69	-79.2588395	36.3328556
70	-79.1981499	36.2863478
71	-79.322889	36.2888877
72	-76.7898916	36.0726925
73	-77.1782646	36.0379001
74	-77.1946679	36.1831685
75	-77.0607897	35.9738395
76	-81.979	36.1721758
77	-81.9379904	36.1668643
78	-81.9375403	36.1088208
79	-81.8979164	36.0900228
80	-81.8898538	36.0180756
81	-81.9466734	36.0761396
82	-82.0068249	36.0740917
83	-81.8411755	36.102138
84	-79.2291941	34.9796688
85	-79.2910506	34.8647518
86	-79.2090431	34.8880515
87	-79.200302	35.0175867
88	-79.1582306	35.0806298
89	-79.3225843	35.1032172
90	-79.1339394	34.9353998
91	-79.0716654	34.9791462
92	-79.312384	34.9406878
93	-79.2070788	34.9717135
94	-79.2292378	34.9970693
95	-79.2674224	34.9880282
96	-79.3942455	35.0297379
97	-80.5797929	35.7669457
98	-80.385343	35.5374682
99	-80.667968	35.806419
100	-80.5076645	35.742775
101	-80.4762827	35.5958482
102	-80.5555565	35.5291294
103	-80.5941549	35.5112281
104	-80.5601875	35.6804585
105	-80.6159949	35.5265799
106	-80.7355763	35.6647633
107	-80.5210825	35.6237776
108	-80.6641091	35.5975898
109	-80.664364	35.6797875
110	-80.5041238	35.6546121
111	-80.5695488	35.6337457
112	-80.3555769	35.7000886
113	-80.3682739	35.642258
114	-80.30835	35.5781898
115	-80.6223457	35.5581818
116	-80.5769215	35.5853559
117	-80.4673437	35.6466972
118	-80.429467	35.6797465
119	-80.3759733	35.5844685
120	-80.2540429	35.5353311
121	-80.4428635	35.5381398
122	-80.4517008	35.660704
123	-80.4955478	35.6761681
124	-80.5869929	35.5638487
125	-80.4795399	35.6927029
126	-80.5547131	35.7154379
127	-80.4228221	35.702974
128	-80.490084	35.666619
129	-80.4656252	35.6818028
130	-78.3094794	35.4712315
131	-78.310814	35.5309173
132	-78.2418154	35.7311149
133	-78.4139889	35.6135082
134	-78.5034369	35.390339
135	-78.2322791	35.5132516
136	-78.2402326	35.6604033
137	-78.2933547	35.5745035
138	-78.3897601	35.5418971
139	-78.413452	35.4936563
140	-78.4562908	35.6685563
141	-78.2016707	35.5694212
142	-78.5261475	35.591026
143	-78.5185173	35.4934528
144	-78.3558204	35.5776892
145	-78.1143001	35.5645682
146	-78.2343068	35.4249752
147	-78.1704677	35.6204762
148	-78.5180624	35.4434558
149	-78.4447001	35.4051781
150	-78.3700792	35.4048098
151	-78.5111389	35.3417498
152	-78.1617118	35.4511972
153	-78.2903079	35.3350135
154	-78.4614287	35.2915699
155	-78.3907692	35.702224
156	-78.3285877	35.7156799
157	-78.357983	35.6589784
158	-78.45791	35.5905019
159	-78.5010404	35.6468377
160	-78.5853764	35.5819562
161	-78.517469	35.5392684
162	-78.6171641	35.5412493
163	-78.634462	35.4987444
164	-78.5656506	35.4163838
165	-78.4105664	35.3175608
166	-78.5006769	35.6069524
167	-78.8187789	34.4969603
168	-78.7217457	34.5112567
169	-78.7772848	34.5831444
170	-78.4954598	34.6609344
171	-78.621783	34.516326
172	-78.3922393	34.4137655
173	-78.5197131	34.4724361
174	-78.8228439	34.764512
175	-78.4624121	34.7706405
176	-78.7090118	34.7845233
177	-78.587748	34.7959322
178	-78.7531338	34.6550979
179	-78.6109284	34.6770109
180	-78.6752875	34.6156821
181	-78.5782875	34.5859815
182	-78.3388385	34.6006855
183	-78.2988806	34.4742332
184	-83.1397694	35.6533075
185	-82.9128933	35.5480884
186	-83.0986349	35.5177123
187	-82.9732879	35.5850069
188	-82.8656929	35.5640131
189	-83.0341785	35.580037
190	-82.9731788	35.4692953
191	-83.0288723	35.4886289
192	-83.0316821	35.6565803
193	-82.9971259	35.5106497
194	-82.9637536	35.5411483
195	-83.0012369	35.4183377
196	-82.8437307	35.4905226
197	-82.8647889	35.5242907
198	-82.8934367	35.4631523
199	-82.9855404	35.7040635
200	-82.823324	35.4009814
201	-82.9108344	35.5196958
202	-82.9498953	35.4914165
203	-82.816694	35.5258404
204	-82.8990522	35.3525591
205	-82.827227	35.5848952
206	-82.8193905	35.5010289
207	-83.0077181	35.4744816
208	-83.0566809	35.4559889
209	-77.8506521	36.3551561
210	-77.4796077	36.2289086
211	-77.7469456	36.1874541
212	-77.5850161	36.1536639
213	-77.6973709	36.2495253
214	-77.7267203	36.3273933
215	-77.5568798	36.284912
216	-77.9024843	36.241001
217	-77.8385337	36.4232818
218	-77.8427103	36.4769578
219	-77.8226605	36.2088255
220	-77.4804493	36.0777196
221	-77.65677	36.4747527
222	-77.6372322	36.4412371
223	-77.7266982	36.4674398
224	-77.6433873	36.4712181
225	-77.6658809	36.4688133
226	-77.6463398	36.46092
227	-77.7848172	35.5168851
228	-77.7808358	35.4207065
229	-77.7305276	35.5764897
230	-77.6219433	35.5517961
231	-77.6816876	35.481959
232	-77.5597666	35.4678667
233	-77.6739565	35.4427068
234	-77.6374339	35.3996713
235	-77.6933592	35.3909819
236	-77.5786382	35.4019168
237	-77.6663552	36.4588003
238	-77.6502959	36.4501798
239	-77.6798113	36.4505497
240	-77.6540624	36.4420287
241	-77.7158328	36.4190566
242	-77.3570695	36.1504384
243	-77.4458717	36.1532403
244	-77.5803965	36.3955873
245	-77.616111	36.4285873
246	-77.6540602	36.3962638
247	-77.40073	36.0468589
248	-77.3280335	36.1079077
249	-82.9114508	35.6129427
250	-82.7944927	35.5593875
251	-82.9836342	35.4931874
252	-82.9776908	35.6454386
253	-83.9210014	35.0348741
254	-83.9013847	35.0021968
255	-83.8187028	35.0133798
256	-83.7501911	35.0190712
257	-83.6209727	35.0458963
258	-83.7502424	35.1171548
259	-83.8826242	35.0654598
260	-83.8207681	35.0682725
261	-83.8389565	35.0317762
262	-76.3403285	36.4802097
263	-75.9895047	36.2430217
264	-76.1563669	36.3613118
265	-75.9409491	36.4050157
266	-76.0616792	36.5290909
267	-75.8479636	36.1251465
268	-75.8123922	36.3297015
269	-77.3478771	35.2925064
270	-76.9752119	35.2202265
271	-77.081921	35.0369569
272	-75.9583353	36.5059811
273	-76.0283447	36.4493104
274	-75.9078095	36.2867511
275	-75.997594	36.3552053
276	-75.8428549	36.4470544
277	-76.098008	36.4111591
278	-76.1733075	36.5010732
279	-77.4194579	35.2369731
280	-77.2370599	35.3311731
281	-77.0509173	35.2764104
282	-77.1674973	35.3134568
283	-77.1201271	35.1432032
284	-77.2101881	35.1894497
285	-77.0646033	35.100303
286	-77.1499273	35.0689091
287	-76.9791725	35.0961064
288	-77.0919627	35.0820082
289	-77.1755215	35.1173483
290	-77.0250331	35.040463
291	-77.1596631	35.0918527
292	-77.3416767	35.2077275
293	-77.0513308	35.0992695
294	-77.0726074	35.1205592
295	-77.0248357	34.9635252
296	-77.056676	35.1312846
297	-76.7693715	34.909253
298	-77.0308245	34.8897426
299	-77.0341646	35.1664075
300	-77.108068	35.1044245
301	-76.9873762	35.0357383
302	-76.9013106	34.8573281
303	-83.9505663	35.397778
304	-83.6944641	35.3900393
305	-83.9127461	35.3059293
306	-83.7498073	35.3110315
307	-78.9688563	36.0228708
308	-78.8847275	35.9770719
309	-78.8851953	36.0321865
310	-78.9730311	35.879346
311	-78.9533378	35.945149
312	-78.9776594	35.9845653
313	-78.933254	36.0353521
314	-78.91365	36.0437495
315	-78.9418268	35.9890595
316	-80.4742205	36.3839389
317	-80.649109	36.3105594
318	-80.6488808	36.5245893
319	-80.8357494	36.2636426
320	-80.7051893	36.5256993
321	-80.6198167	36.5157576
322	-80.8817392	36.4026886
323	-80.5670781	36.4757319
324	-80.4902094	36.304807
325	-80.5724296	36.316943
326	-80.7503112	36.302814
327	-80.8571928	36.261912
328	-80.7314603	36.4255433
329	-80.4793007	36.5052628
330	-80.6063998	36.489378
331	-80.5117315	36.4655821
332	-78.8595095	36.0174385
333	-78.9402997	36.1087421
334	-78.8925777	36.0609363
335	-78.8936776	35.9959735
336	-78.9487809	36.0500338
337	-78.9776204	35.9388684
338	-80.5987347	36.3930832
339	-80.6475235	36.4756075
340	-80.8740708	36.4875299
341	-78.9083026	36.0808708
342	-78.9107439	36.1259987
343	-78.9122561	36.0017237
344	-78.9140703	35.9913915
345	-78.8071569	36.0012218
346	-78.7518576	35.9795497
347	-78.8119233	36.055192
348	-78.9426285	36.0045892
349	-78.9251233	36.1916827
350	-78.9158769	36.0145497
351	-78.9413441	35.9420941
352	-78.8476443	35.9897914
353	-78.8663502	35.9987369
354	-78.9199159	35.8874197
355	-78.8840764	35.9600882
356	-78.857141	35.9022194
357	-78.7851793	35.2977993
358	-78.6582934	35.4042083
359	-78.9534929	35.4140628
360	-78.5879518	35.3044704
361	-78.6083176	35.3361693
362	-78.9324464	35.2781747
363	-78.7513464	35.4935409
364	-78.6720636	35.299552
365	-78.789188	35.3711036
366	-79.1166733	35.2606324
367	-78.7582619	35.4238898
368	-79.0379187	35.3251276
369	-78.8800957	35.5070757
370	-78.9505731	35.8997304
371	-78.8139393	35.9671169
372	-78.8500797	35.946203
373	-78.9280715	35.934306
374	-78.9983819	35.9264306
375	-78.9287367	35.9778897
376	-78.912838	35.9132804
377	-78.9414868	35.9186696
378	-78.8953163	35.9820512
379	-78.9009519	35.9598588
380	-78.9174913	35.9555643
381	-78.9063094	35.9703152
382	-78.8672391	35.9764895
383	-78.8756331	35.9896607
384	-78.9093257	36.0205069
385	-78.8988843	36.0108432
386	-78.8973562	36.0255335
387	-78.903943	35.9853875
388	-78.9314891	36.0222007
389	-78.9265544	36.0126616
390	-80.5413539	36.4110972
391	-80.5950378	36.4519276
392	-80.7198983	36.3596854
393	-80.8290309	36.291274
394	-80.7757536	36.5042269
395	-78.919761	35.9729161
396	-78.9014482	35.9337186
397	-78.8451759	36.1675505
398	-78.9451707	35.9647064
399	-80.600664	36.5193276
400	-80.718302	36.3934567
401	-80.6063231	36.5460733
402	-80.4870954	36.3819677
403	-80.5349175	36.5371235
404	-77.8050792	36.046907
405	-77.8153143	35.9435429
406	-77.824555	35.9236643
407	-78.1064813	35.9536599
408	-78.1694063	35.8859727
409	-78.106462	35.7975201
410	-81.0186941	35.6751625
411	-81.2082578	35.5923383
412	-81.1798738	35.6702996
413	-81.1563953	35.7193409
414	-81.3808368	35.7329595
415	-81.3590147	35.7551934
416	-81.3871329	35.7091889
417	-81.2308547	35.7231976
418	-81.3402459	35.7238573
419	-81.224718	35.7822292
420	-81.2702009	35.7884499
421	-81.2970175	35.7050832
422	-81.3227285	35.7606305
423	-81.2052483	35.6353078
424	-81.1446374	35.7725588
425	-81.337777	35.6655317
426	-78.7419891	34.3977468
427	-78.6488271	34.4070896
428	-78.51275	34.3454522
429	-78.5915179	34.2939556
430	-78.9274409	34.3189821
431	-78.9299974	34.2426116
432	-78.8287187	34.2154914
433	-78.8213639	34.1316392
434	-81.3310554	35.7897714
435	-81.3369187	35.6023294
436	-81.4041901	35.6523773
437	-81.3029132	35.7855045
438	-81.31241	35.745904
439	-81.4437433	35.6105024
440	-81.2279122	35.6854496
441	-81.2513399	35.6767632
442	-81.2635914	35.6145618
443	-81.2014753	35.7106069
444	-81.3606642	35.731821
445	-81.2696163	35.7387879
446	-80.9921758	35.5701862
447	-78.6988616	34.339726
448	-78.6881041	34.2398346
449	-78.6644223	34.1342866
450	-78.622737	34.0677222
451	-78.6138705	34.1628877
452	-81.3246227	35.7263276
453	-81.108741	35.618791
454	-81.2155911	35.6653555
455	-78.7431689	34.0631504
456	-78.6752801	34.0187464
457	-78.8988413	34.4036442
458	-81.3501478	35.739934
459	-81.0147906	35.6069222
460	-81.336922	35.7015377
461	-81.1563547	35.5787519
462	-81.3464022	35.7597794
463	-81.33432	35.738895
464	-79.0012249	34.2868943
465	-78.7038863	34.3188666
466	-78.7356548	34.275105
467	-78.8342138	34.3148854
468	-78.7372485	34.4475853
469	-78.7420699	34.3487143
470	-78.2784185	34.3045902
471	-78.7586789	34.1681184
472	-78.4044802	34.2672539
473	-78.5254379	34.1877481
474	-81.2891083	35.7592613
475	-81.0958467	35.6887883
476	-76.6406858	35.1980543
477	-76.8092303	35.0107832
478	-77.7309501	34.93221
479	-77.8308145	34.8945971
480	-77.9134655	34.8288522
481	-77.691255	34.8884182
482	-77.9328177	34.9479219
483	-78.1361601	34.7577754
484	-77.7809883	34.7569069
485	-77.8528274	36.0088005
486	-77.9632678	36.1209879
487	-78.0757506	35.083099
488	-78.0913354	34.9959601
489	-77.9842041	34.7640444
490	-76.6179237	35.0986376
491	-76.4852709	35.2168899
492	-76.8829284	35.1596043
493	-76.843433	35.133534
494	-76.7238169	35.1750336
495	-76.735641	35.0975702
496	-77.7602938	34.8343056
497	-78.0951316	34.8786984
498	-77.8087768	35.1216285
499	-77.8566613	36.1084807
500	-77.8715245	34.7873117
501	-78.0819464	35.1546736
502	-78.0344003	34.8288802
503	-77.7482	36.1146281
504	-77.7991034	35.0102497
505	-77.8747753	35.0929551
506	-77.977952	35.1224153
507	-78.2057399	35.7919444
508	-77.8581139	35.9499259
509	-77.905687	36.0595868
510	-77.8370059	35.9530839
511	-78.0519956	36.0617106
512	-77.7936569	35.9673945
513	-77.8358669	35.9805596
514	-77.9888449	35.9836198
515	-77.8661027	35.8705796
516	-77.7915886	36.0024113
517	-77.8902342	35.9307945
518	-78.0534557	35.9627561
519	-77.9659831	35.8787281
520	-78.0302125	35.8506095
521	-77.8107751	35.9337104
522	-77.8621792	35.9677944
523	-80.0684113	35.4538735
524	-79.9431619	35.4598947
525	-80.0208247	35.359473
526	-79.940112	35.264667
527	-82.3085459	35.4447855
528	-82.4174972	35.3977326
529	-79.8401504	35.4671118
530	-79.8707013	35.3692307
531	-79.9862148	35.1956187
532	-79.7779156	35.4288662
533	-79.7832018	35.3557919
534	-80.0459867	35.2669717
535	-79.9419756	35.3639977
536	-79.8437648	35.2254219
537	-79.7787885	35.3021997
538	-79.7157745	35.1989457
539	-82.5121361	35.2753751
540	-82.437417	35.4375541
541	-82.4792314	35.2951976
542	-82.4487946	35.3543691
543	-82.3699323	35.3474835
544	-82.4524813	35.3203036
545	-82.4310925	35.3306699
546	-82.4714766	35.3663283
547	-82.4051939	35.2726859
548	-82.3660524	35.2316751
549	-82.4415982	35.2909245
550	-82.5035669	35.3114888
551	-82.5109795	35.3346149
552	-82.5802842	35.2854297
553	-82.5548473	35.3263135
554	-82.4887243	35.3526486
555	-82.516482	35.3568164
556	-82.5570521	35.2270039
557	-82.6257602	35.3640191
558	-82.4561407	35.2632848
559	-82.6061419	35.3317102
560	-76.5936697	36.0817887
561	-76.6938373	36.1700842
562	-76.5032702	36.0504378
563	-76.6633779	36.074845
564	-76.6076317	36.1993472
565	-76.640223	36.279948
566	-82.64086	35.4196666
567	-82.4743045	35.3895733
568	-82.5142427	35.2144775
569	-82.5159639	35.4067264
570	-82.4778419	35.3291804
571	-80.1936769	34.9823082
572	-80.1191723	34.8573699
573	-80.1111333	35.1004388
574	-80.2419187	35.1258986
575	-79.9773882	34.8570112
576	-80.0678181	34.930938
577	-80.1387245	34.9464274
578	-80.0839315	35.0150268
579	-79.9329103	34.9810855
580	-80.2459967	34.8596711
581	-80.2615258	34.99206
582	-82.4307306	35.3072035
583	-82.5155017	35.3759391
584	-82.3592006	35.3057752
585	-82.3332302	35.4035173
586	-82.5074302	35.4328635
587	-82.4677889	35.3104163
588	-77.3618334	35.6011175
589	-77.4610733	35.4740764
590	-77.4275665	35.5182338
591	-77.3872248	35.3835712
592	-77.3923594	35.4589812
593	-77.4349822	35.725575
594	-77.4161894	35.6037024
595	-77.3850112	35.5371388
596	-77.3726236	35.6359264
597	-77.2691073	35.486861
598	-77.6292351	35.6176889
599	-77.3639995	35.5745167
600	-77.5122153	35.6799554
601	-77.3989818	35.6212976
602	-77.4946922	35.5871053
603	-77.3893305	35.588742
604	-84.2645411	35.0323278
605	-84.2327614	35.0960604
606	-84.1819153	35.2028029
607	-84.0346733	35.2042531
608	-84.1333899	35.0340808
609	-84.0602822	35.0030169
610	-84.0106915	35.082828
611	-83.9379608	35.096868
612	-83.8110404	35.1683352
613	-83.8222484	35.2163471
614	-84.0126895	35.118404
615	-83.914534	35.1802049
616	-83.7387892	35.2231775
617	-84.0049902	35.023849
618	-77.3648994	35.6123278
619	-77.3765659	35.5940325
620	-77.4066271	35.5819775
621	-77.3376885	35.576162
622	-77.3594859	35.5338637
623	-77.3519939	35.5807519
624	-77.3076484	35.4263607
625	-77.3006311	35.5754006
626	-77.3793957	35.5637825
627	-77.3252466	35.5982217
628	-77.1826808	35.5492211
629	-77.2768403	35.7221092
630	-77.3706958	35.7775757
631	-77.6140909	35.6656215
632	-77.560792	35.5704406
633	-77.227538	35.6337127
634	-77.3964763	35.5613775
635	-77.2582193	35.5719745
636	-77.4297099	35.5680425
637	-77.3425526	35.6109131
638	-77.3491222	35.5998268
639	-77.339922	35.547227
640	-82.9774049	35.0830478
641	-82.7078128	35.3584691
642	-82.8707213	35.1801519
643	-82.7888948	35.3002738
644	-82.8379485	35.1054986
645	-82.8166964	35.2100946
646	-82.7497161	35.2612549
647	-82.7581032	35.2341711
648	-82.6305943	35.216664
649	-82.7161159	35.2328207
650	-82.6868644	35.2216367
651	-82.7340404	35.2167665
652	-82.715166	35.165223
653	-82.6335466	35.1611425
654	-82.8891776	35.2471311
655	-82.9434928	35.131492
656	-82.8975375	35.1446281
657	-82.7533775	35.1087778
658	-77.8398732	34.2060459
659	-77.8998509	34.1891573
660	-77.741591	34.3238925
661	-77.7663619	34.389385
662	-81.2661078	35.5323168
663	-81.2321707	35.5365165
664	-81.1081353	35.5340633
665	-81.0465713	35.4946244
666	-80.9979286	35.5385569
667	-81.1287609	35.4975259
668	-81.1392943	35.4607489
669	-80.9716621	35.4785086
670	-80.9708142	35.4533996
671	-77.9419628	35.3369558
672	-77.9953038	35.352998
673	-78.048078	35.2702243
674	-77.8683767	35.2482174
675	-78.0216965	35.3094725
676	-77.9650739	35.4085723
677	-77.9764561	35.2533899
678	-78.1237573	35.379412
679	-78.0917799	35.4626115
680	-78.039074	35.3960293
681	-81.0640436	35.4376689
682	-81.1266826	35.4252988
683	-80.9965534	35.4256646
684	-81.4635753	35.541591
685	-80.9840887	35.5065854
686	-81.3527411	35.523642
687	-81.2714494	35.4397137
688	-81.0147485	35.4660955
689	-81.4312983	35.4744877
690	-81.2548029	35.4796156
691	-81.3422102	35.4607947
692	-81.2524421	35.4639515
693	-81.2274566	35.4585235
694	-81.2378993	35.4297114
695	-81.2020272	35.4381599
696	-81.2296337	35.4895026
697	-81.3070801	35.4320504
698	-78.0012079	35.4066618
699	-77.8804324	35.3425128
700	-78.0171165	35.4903564
701	-77.8943121	35.5238775
702	-77.9832813	35.361626
703	-78.0141653	35.550067
704	-77.8452	35.4312921
705	-78.0896905	35.3189757
706	-77.99984	35.4441977
707	-78.1982835	35.2750367
708	-77.919061	35.439832
709	-77.9475452	35.375327
710	-78.0943618	35.2208624
711	-77.9684589	35.3704002
712	-77.9827859	35.3703504
713	-77.9937958	35.3793593
714	-77.9308156	35.3916568
715	-81.1875241	35.5293978
716	-81.1920141	35.4902903
717	-76.1931382	36.2726498
718	-76.1311428	36.1581163
719	-77.8966663	35.3734766
720	-77.9758348	35.3863773
721	-78.073132	35.1882117
722	-76.2071335	36.2794894
723	-76.221875	36.3191532
724	-76.1997592	36.2298682
725	-76.3087529	36.2726891
726	-76.4096135	36.4050782
727	-76.2189639	36.2752648
728	-76.2304869	36.2892962
729	-76.2532792	36.2885369
730	-76.2295227	36.2979255
731	-76.2273819	36.3055535
732	-76.3076403	36.3488841
733	-80.9069223	36.285231
734	-81.3087831	36.3062145
735	-80.9547558	36.3469761
736	-81.2584764	36.1798813
737	-81.1705021	36.1413355
738	-77.8985941	34.3512915
739	-77.9313684	33.9467639
740	-77.9324126	34.0275603
741	-77.9576231	34.2791379
742	-77.9426333	34.176016
743	-77.9281523	34.1437565
744	-77.8204332	34.3054922
745	-77.7438616	34.280176
746	-81.0431941	36.3505757
747	-80.953072	36.2482356
748	-81.0054288	36.2435896
749	-81.1424838	36.1701022
750	-81.1266616	36.1897199
751	-81.0536793	36.1208492
752	-81.1300423	36.339448
753	-80.8965536	36.1672501
754	-81.0083859	36.1721624
755	-80.9408149	36.0880063
756	-81.2091502	36.3178141
757	-81.4127447	36.2259306
758	-81.3672323	36.1726133
759	-81.2242313	36.1526323
760	-81.1085733	36.2422568
761	-81.1748411	36.2375877
762	-81.0618665	36.2375687
763	-81.2740372	36.0554687
764	-81.1888419	36.0812436
765	-81.143426	36.120548
766	-81.1931887	36.1686086
767	-77.7837633	34.222551
768	-77.914856	34.0894975
769	-77.8886299	34.1645625
770	-77.8827473	34.1019948
771	-81.0887232	36.0659445
772	-81.4024627	36.0965328
773	-77.8823596	34.1954114
774	-77.860623	34.1752168
775	-77.8424016	34.1461642
776	-77.881816	34.0558825
777	-77.8712793	34.2997905
778	-77.854743	34.2639105
779	-77.9439182	34.2468355
780	-77.9321483	34.2101573
781	-77.8981184	34.2462442
782	-77.9332794	34.2347673
783	-77.9203566	34.2417304
784	-77.9488101	34.220661
785	-77.9440151	34.2002266
786	-77.9511208	36.5328308
787	-77.9093797	34.210692
788	-77.8771061	34.263583
789	-77.8533693	34.2281462
790	-77.9104284	34.2305974
791	-77.7916085	34.2629823
792	-77.9577817	36.4640358
793	-78.05794	36.4927489
794	-77.997242	36.4056819
795	-78.1545376	36.4938691
796	-78.0125841	36.299123
797	-78.2765937	36.4652336
798	-78.2250861	36.4948525
799	-78.1307226	36.3851591
800	-78.1958086	36.4449589
801	-78.2566848	36.3266498
802	-77.8953605	34.2248386
803	-77.8165867	34.2372456
804	-77.8815138	34.2384805
805	-77.8431004	34.2473386
806	-78.1994345	36.3971309
807	-78.1789317	36.3065733
808	-78.0850487	36.2472065
809	-77.8703754	34.2224805
810	-77.8718595	34.206039
811	-77.9125743	34.1710378
812	-79.8592949	36.1564497
813	-80.0083649	35.9807488
814	-79.7642065	36.1179872
815	-79.9773926	36.2279531
816	-79.7981481	36.0860533
817	-79.6903288	36.0695093
818	-79.8162225	36.0832595
819	-80.0044862	36.0012592
820	-79.935467	35.9988033
821	-79.9848094	36.0001497
822	-79.8921321	36.2223093
823	-79.7915829	36.0807269
824	-79.8389994	36.0796381
825	-79.7789039	36.081789
826	-79.7364562	36.0738436
827	-79.7657302	36.0787591
828	-79.8514741	35.9987105
829	-79.5788338	35.958975
830	-80.0165427	36.0021655
831	-79.8363148	36.2316307
832	-79.7414152	36.2200788
833	-79.656625	36.2026562
834	-79.5752364	36.2074908
835	-80.0087592	36.1752262
836	-79.9188082	36.1885639
837	-79.8231762	36.1926131
838	-79.9742257	36.1700106
839	-79.7360373	36.1659121
840	-79.5730235	36.1498957
841	-79.9312903	36.1570704
842	-79.6642483	36.1546926
843	-79.8943741	36.1578207
844	-79.8818983	36.0730083
845	-79.8351756	36.0729861
846	-79.7787664	36.0738708
847	-79.8204836	36.0727951
848	-80.0246018	35.9961418
849	-79.8978139	35.9817057
850	-79.7971578	35.9817835
851	-79.9930287	35.9887119
852	-79.9705798	35.9953089
853	-79.813672	36.1677858
854	-79.7998888	36.1609256
855	-79.8697424	36.0672999
856	-79.7589831	36.0683534
857	-80.0376492	35.9864644
858	-79.9821341	35.9857384
859	-82.9996039	35.2496003
860	-83.2910143	35.3275861
861	-83.1782751	35.2980773
862	-83.2106681	35.3850143
863	-83.2705185	35.2749176
864	-83.2238649	35.331946
865	-83.0538865	35.3263412
866	-83.1169865	35.2585542
867	-83.1093129	35.4099135
868	-83.2620312	35.4161011
869	-83.1468442	35.1844505
870	-83.0933982	35.049341
871	-83.2552536	35.4582791
872	-79.813716	36.1477196
873	-79.8251131	36.1457679
874	-79.6656557	36.1135101
875	-79.7220057	36.1332272
876	-79.8918038	36.0645005
877	-79.8119557	36.0677489
878	-79.7971955	36.0701019
879	-79.7721998	36.0646795
880	-79.7848668	36.0622573
881	-79.7574582	35.9744944
882	-79.8391153	36.1425231
883	-79.7936705	36.1391775
884	-79.9960161	36.110852
885	-79.7532202	36.1339477
886	-79.9414033	36.1288244
887	-79.7730354	36.1324935
888	-79.8355373	36.0646505
889	-79.9518816	36.0322754
890	-79.7982857	36.0549679
891	-79.8127023	36.0550503
892	-79.841848	35.9734356
893	-80.0236483	35.9779748
894	-79.900732	36.1327686
895	-79.8819156	36.1334202
896	-79.9313851	36.10315
897	-79.8286391	36.1346703
898	-79.760671	36.0542807
899	-79.8266108	36.0482706
900	-79.965047	35.9757005
901	-79.9387511	35.9729673
902	-79.9906564	35.9743061
903	-79.8416502	36.1290904
904	-79.8620629	36.1294095
905	-79.7944045	36.1192018
906	-79.8756274	36.1154898
907	-79.6098056	36.0991437
908	-79.8581424	36.0532597
909	-79.9262334	36.0421901
910	-79.6558574	36.039316
911	-79.9625756	35.9607872
912	-80.0073884	35.9685957
913	-80.0383896	35.9661172
914	-79.9234605	35.9367794
915	-79.847872	36.1182477
916	-79.823172	36.1219416
917	-79.5527067	36.1055489
918	-79.8103539	36.1164655
919	-79.778703	36.0499193
920	-79.7240443	36.0358314
921	-79.8839041	36.0462632
922	-79.9035803	36.0407555
923	-79.9900193	35.9640102
924	-80.0222069	35.9621378
925	-79.7548197	35.9409969
926	-79.8974749	36.1094229
927	-79.7238444	36.1040737
928	-79.8242419	36.1139895
929	-79.8553903	36.1105887
930	-79.7704381	36.1059619
931	-80.0074427	36.0297274
932	-79.9842427	36.0400947
933	-79.8703843	36.0390635
934	-79.9818308	35.9532569
935	-79.6700015	35.931533
936	-79.832529	36.1050607
937	-79.8050299	36.1052162
938	-79.7575927	36.0977164
939	-79.8022339	36.0416143
940	-79.8564093	36.0314418
941	-79.8478677	36.0345171
942	-79.7680745	36.0345075
943	-80.0288333	36.0292267
944	-79.8327945	35.9356029
945	-79.9983453	35.9518352
946	-80.0315309	35.9508708
947	-79.7441045	36.1015485
948	-79.9338019	36.0732391
949	-79.8619598	36.0957485
950	-80.0078973	36.0678475
951	-79.8317306	36.0344493
952	-79.9072128	36.0298421
953	-79.8994665	36.021124
954	-79.7961916	36.0183078
955	-80.0027169	35.9404709
956	-79.9792444	35.9305605
957	-80.0291669	35.932912
958	-79.8481493	36.0970101
959	-79.878002	36.0976373
960	-79.7727897	36.0950104
961	-79.8141859	36.0251569
962	-79.88488	36.0164818
963	-79.9827738	36.0144298
964	-79.789827	36.0955489
965	-79.9112569	36.092854
966	-79.8063459	36.0942746
967	-79.8484577	36.0181391
968	-79.7524867	36.0104345
969	-79.8317354	36.0185194
970	-79.8267803	36.0904762
971	-79.5826192	36.0473253
972	-79.7487442	36.0867055
973	-79.8587462	36.078358
974	-79.8741953	36.0791693
975	-79.9200899	36.0145459
976	-80.0285309	36.0094914
977	-79.8560549	36.0862135
978	-79.909946	36.0853771
979	-79.7194446	35.9947815
980	-79.8161848	36.0129028
981	-79.698327	35.9890626
982	-79.6573679	35.993056
983	-80.2761641	36.1545688
984	-80.147864	36.2108577
985	-80.2493621	36.0746285
986	-78.2748423	35.0163525
987	-78.5700552	35.0588374
988	-78.5607569	34.9690633
989	-78.1894802	34.9810873
990	-78.4838243	35.0370941
991	-78.4153089	35.191714
992	-78.46499	34.9520547
993	-78.3926646	34.7917206
994	-78.3351238	34.9985654
995	-78.3956783	35.0727773
996	-78.3136105	35.0111433
997	-78.5291361	35.2540939
998	-78.3516154	34.9448804
999	-78.3854765	34.9830296
1000	-78.3001668	35.0970289
1001	-78.2525236	34.6897504
1002	-78.3029238	34.8419299
1003	-78.2647994	34.894701
1004	-78.2873702	35.2209495
1005	-78.2288819	35.1464568
1006	-78.5614994	35.1885448
1007	-78.6350079	35.0381993
1008	-80.3271526	36.1029548
1009	-80.2321804	36.0649666
1010	-78.4877557	35.1048713
1011	-80.2466069	36.0552701
1012	-80.1078856	36.1646061
1013	-80.2100033	36.0636165
1014	-80.2292137	36.0848509
1015	-80.2569608	36.1324661
1016	-80.234308	36.1531071
1017	-80.2574598	36.1579985
1018	-80.2636253	36.0446546
1019	-80.125471	36.0723274
1020	-80.1024715	36.1186745
1021	-80.286704	36.1055498
1022	-80.2882598	36.1166466
1023	-80.3169912	36.0852123
1024	-80.2683561	36.1025584
1025	-80.271541	36.1245218
1026	-80.3082713	36.140817
1027	-80.3057454	36.1192288
1028	-80.2961261	36.0129999
1029	-80.2608639	36.2036383
1030	-80.1879315	36.1624268
1031	-80.2807813	36.1817026
1032	-80.0803975	36.1272769
1033	-80.3157751	36.1587297
1034	-80.2065267	36.2352794
1035	-80.3368791	36.1128151
1036	-80.3522569	36.0830421
1037	-80.399548	36.089957
1038	-80.4043584	36.013962
1039	-80.3369168	36.1388369
1040	-80.2009607	36.0781156
1041	-80.3403585	36.1604245
1042	-80.3506466	36.0682655
1043	-80.2894303	36.0395751
1044	-80.3212779	36.1286339
1045	-80.238144	36.1788718
1046	-80.3061772	36.2332744
1047	-80.3813276	36.1685797
1048	-80.3941555	36.0552526
1049	-80.2184797	36.0789118
1050	-80.0758173	36.1574153
1051	-80.3713987	36.0919288
1052	-80.0900546	36.0597477
1053	-80.2331662	36.0981212
1054	-80.3750649	36.1350331
1055	-80.335034	36.0832955
1056	-80.473163	36.1086724
1057	-80.3691684	35.9918172
1058	-80.3075221	36.071139
1059	-80.3037865	36.0849973
1060	-80.3218991	36.1836657
1061	-80.3144603	36.0931398
1062	-80.2867551	36.0945721
1063	-80.0742199	36.1041242
1064	-80.4660845	36.0684214
1065	-80.4290459	36.1225381
1066	-80.3700423	36.0232884
1067	-80.4145546	36.0339868
1068	-80.3986573	35.9989734
1069	-80.2828489	36.0857592
1070	-80.287771	36.1425144
1071	-80.3197524	36.0376093
1072	-80.2778059	36.2376878
1073	-80.3216292	36.2134328
1074	-80.3693604	36.2300599
1075	-80.4097839	36.2264154
1076	-82.7707699	35.719369
1077	-82.6656765	35.8123806
1078	-82.6867518	35.9779582
1079	-82.7096295	35.9038117
1080	-82.6066521	35.8615728
1081	-82.5611005	35.9309964
1082	-82.5771719	35.8119761
1083	-82.7470693	35.7574334
1084	-82.7715895	35.8249165
1085	-82.8376584	35.8898376
1086	-82.8837278	35.7753968
1087	-82.4844574	35.8523585
1088	-76.4377106	35.635949
1089	-75.9151082	35.1298009
1090	-75.9810092	35.5729568
1091	-76.2172691	35.5609953
1092	-76.4708733	35.4614838
1093	-76.2804214	35.3510671
1094	-76.0626409	35.3679574
1095	-76.976492	35.8384427
1096	-76.8586069	35.7887253
1097	-76.9772168	35.7190992
1098	-77.3154832	35.9878637
1099	-77.1555388	35.9313853
1100	-77.086776	35.8674648
1101	-77.2875998	35.9008749
1102	-77.277355	35.8510801
1103	-77.082226	35.8224509
1104	-77.166163	35.8794446
1105	-77.24688	35.7992946
1106	-77.1741832	35.7994091
1107	-77.1103427	35.762535
1108	-79.0620744	35.9166571
1109	-79.0486857	35.9531352
1110	-79.0519729	35.9171645
1111	-79.0877745	35.9121216
1112	-79.034435	35.9369105
1113	-79.2061662	35.9113867
1114	-79.0952372	35.9231365
1115	-79.0193058	36.0967723
1116	-79.0345431	35.8753576
1117	-79.2298222	36.0916648
1118	-79.1162545	35.9616226
1119	-79.10084	36.0736612
1120	-79.039937	35.9044796
1121	-79.029327	35.995431
1122	-79.1194485	35.8994494
1123	-79.0971445	36.1952035
1124	-79.0668189	35.9402858
1125	-79.0886362	36.1105284
1126	-79.0269959	36.0589914
1127	-79.0213736	35.9443364
1128	-79.0731725	35.913225
1129	-79.0198405	35.9541825
1130	-79.0754239	35.8811951
1131	-79.0972512	36.004218
1132	-79.0072922	36.1902684
1133	-79.1620594	36.0846841
1134	-79.1255609	36.08906
1135	-79.0188528	35.9135246
1136	-79.018091	35.927783
1137	-79.3107836	36.1851175
1138	-79.2937082	36.0789722
1139	-79.3004464	35.97873
1140	-79.2805099	36.1130761
1141	-79.0812569	35.9053739
1142	-79.0643331	35.9031865
1143	-79.0372195	35.9195435
1144	-79.1997984	35.9770723
1145	-79.0420926	35.9451716
1146	-79.0151089	35.9362816
1147	-79.2313435	36.1871412
1148	-79.1586068	36.1857932
1149	-79.063593	35.8983281
1150	-79.0879259	35.9378355
1151	-79.0491747	35.8990984
1152	-79.0417929	35.9234912
1153	-79.089923	35.8816903
1154	-79.1032311	36.0445298
1155	-78.540317	36.2894698
1156	-78.5842735	36.4900132
1157	-78.6000519	36.3189236
1158	-78.5482352	36.3737584
1159	-78.7178402	36.2338703
1160	-78.6104467	36.3783184
1161	-78.5864764	36.251927
1162	-78.5899919	36.3020122
1163	-78.5644357	36.1344378
1164	-78.7129074	36.1243155
1165	-78.7672916	36.1371369
1166	-78.5973629	36.1179423
1167	-78.7312487	36.3706915
1168	-78.7136827	36.4782865
1169	-78.5794139	36.3144958
1170	-80.2277919	36.1180015
1171	-80.2881865	36.0614433
1172	-80.1664993	36.0512702
1173	-80.123773	36.100793
1174	-80.250054	36.0880067
1175	-80.3108402	36.1066174
1176	-80.3450754	36.0435342
1177	-80.2181475	36.1353177
1178	-80.0628112	36.0894814
1179	-80.170888	36.1361932
1180	-80.0574941	36.1190997
1181	-80.0794563	36.0364454
1182	-80.0571719	36.1544809
1183	-80.0814046	36.2214217
1184	-80.1918125	36.1084129
1185	-80.2416718	36.03623
1186	-80.2171613	36.1101077
1187	-80.2562666	36.095712
1188	-80.2499061	36.1153183
1189	-80.2243163	36.1236575
1190	-80.260509	36.1109193
1191	-80.2237815	36.0182442
1192	-80.2711866	36.0851125
1193	-80.1640278	36.0856435
1194	-80.2389986	36.107034
1195	-80.2184084	36.0453062
1196	-80.2380681	36.1300322
1197	-80.2743237	36.0749051
1198	-80.1205051	36.1388885
1199	-80.2658	36.0682075
1200	-80.2070289	36.1409479
1201	-79.6350053	35.5515892
1202	-79.6193677	35.6595418
1203	-79.7312736	35.6558371
1204	-79.8062069	35.8765245
1205	-79.9531026	35.8949905
1206	-79.8372887	35.70266
1207	-79.783965	35.7241618
1208	-79.8152852	35.7205091
1209	-80.0037779	35.5576132
1210	-79.6921138	35.7568528
1211	-79.802454	35.6985802
1212	-79.7521246	35.5493651
1213	-79.88614	35.563453
1214	-80.0053711	35.654915
1215	-79.8136336	35.7577003
1216	-79.9044004	35.6653947
1217	-79.7959688	35.7516088
1218	-79.9628993	35.8645947
1219	-79.8171549	35.8225415
1220	-79.7887717	35.8056415
1221	-79.8405435	35.7375729
1222	-79.8206759	35.6702788
1223	-79.8774146	35.8863585
1224	-79.6225084	35.7450061
1225	-79.9928918	35.7514106
1226	-79.8925087	35.8274104
1227	-79.8846185	35.7673096
1228	-80.0219223	35.8515998
1229	-79.9814422	35.901031
1230	-79.5914304	35.8009664
1231	-79.9390868	35.9035108
1232	-79.8386858	35.642041
1233	-79.5669254	35.5705745
1234	-79.7410515	35.7656103
1235	-79.7836572	35.6865795
1236	-80.0229679	35.89287
1237	-79.584395	35.8771843
1238	-79.7380972	35.8642085
1239	-79.6858648	35.8587978
1240	-79.9780246	35.8092804
1241	-77.4665973	35.261746
1242	-77.5417122	35.2018611
1243	-77.6469725	35.2119614
1244	-77.5733607	35.2651691
1245	-77.7122697	35.3378728
1246	-77.7223718	35.1357268
1247	-77.6819394	35.2657357
1248	-77.7818191	35.2932318
1249	-77.5178794	35.2828608
1250	-77.6054046	35.298213
1251	-77.57055	35.2458858
1252	-77.5570802	35.2964168
1253	-77.6083486	35.2834921
1254	-81.6922213	35.9970853
1255	-81.5300265	35.9578952
1256	-81.6365697	35.8689833
1257	-81.4090195	36.0085626
1258	-81.5127885	35.8894429
1259	-77.5584934	35.2574404
1260	-77.5962672	35.267717
1261	-77.5914043	35.3408975
1262	-77.4966504	35.3596315
1263	-77.7833375	35.194604
1264	-77.5834413	35.1425673
1265	-81.5094549	36.0558217
1266	-81.4766622	35.9266196
1267	-81.5441312	35.7975504
1268	-81.5839805	35.9212267
1269	-81.5248916	35.923019
1270	-81.4646456	35.8087694
1271	-81.5430979	35.8857675
1272	-81.4893987	35.8126195
1273	-81.5499672	35.8448231
1274	-81.5114247	35.8413911
1275	-81.393336	35.9103595
1276	-81.3880164	35.7880538
1277	-81.5989272	35.8696637
1278	-81.4670844	35.8582465
1279	-78.3365512	36.217262
1280	-78.2093689	36.210943
1281	-78.1394671	36.0931171
1282	-77.5874	35.2778253
1283	-77.7229485	35.056083
1284	-77.6653648	35.0721307
1285	-81.397067	35.8287371
1286	-81.5895409	36.0457559
1287	-81.5480155	35.9156813
1288	-81.4243427	35.7871362
1289	-78.5172179	36.0418179
1290	-78.4878831	36.1352775
1291	-78.3950624	36.1155495
1292	-78.3191163	36.1066889
1293	-78.2426727	35.9330891
1294	-78.3008158	36.0985266
1295	-78.4226145	36.0194524
1296	-78.3074944	35.9267842
1297	-78.1996939	36.00232
1298	-78.2494192	35.8818992
1299	-78.0820047	36.1740946
1300	-78.4653148	36.0360437
1301	-78.2479834	36.1124362
1302	-78.2905932	35.9980408
1303	-78.366489	35.9916198
1304	-82.4016748	36.017046
1305	-82.2103577	35.7981208
1306	-82.3006951	35.8053695
1307	-82.3810216	35.8682413
1308	-82.3039799	35.8895046
1309	-82.2081897	35.9073051
1310	-82.4308775	35.9271044
1311	-82.319801	35.9601207
1312	-82.2165712	35.9806051
1313	-82.4302806	35.9750105
1314	-82.277145	35.9972408
1315	-79.4189545	36.0917231
1316	-79.4486518	36.0945992
1317	-79.3979581	36.0791767
1318	-79.468388	36.0880408
1319	-79.3958	36.1007321
1320	-79.4191806	36.0710251
1321	-79.4651284	36.1030272
1322	-79.4487785	36.0690376
1323	-79.5106482	36.0933309
1324	-79.4887422	35.9994589
1325	-79.3871665	36.0696168
1326	-79.3800706	36.0441971
1327	-79.4191543	36.108699
1328	-79.4873281	35.9008005
1329	-79.4682999	36.0761278
1330	-79.4606992	36.0524952
1331	-79.5098692	36.0613688
1332	-79.3452939	35.8673237
1333	-79.3493578	35.9189934
1334	-79.4156678	36.0393387
1335	-79.4420748	36.0798717
1336	-79.5319046	36.1080405
1337	-79.3190473	36.0445359
1338	-79.3925045	35.9830744
1339	-79.4270189	36.0786717
1340	-79.4849962	36.2022114
1341	-79.4034511	36.1805602
1342	-79.3444799	36.1102413
1343	-79.5045812	36.1293464
1344	-79.4903918	36.0922418
1345	-79.3433196	36.015236
1346	-79.445569	36.118002
1347	-81.9554132	35.8980084
1348	-81.8744398	35.6060863
1349	-81.9636505	35.5834533
1350	-82.0924235	35.5625499
1351	-82.0263637	35.6894931
1352	-82.1348637	35.7255065
1353	-82.2212735	35.6790494
1354	-81.9925373	35.7584927
1355	-81.9671127	35.6856701
1356	-81.9354229	35.655
1357	-81.9807681	35.7065893
1358	-82.0462738	35.6529756
1359	-82.1754153	35.5753161
1360	-82.2101686	35.6086363
1361	-82.0049709	35.6743304
1362	-81.9152306	35.7140308
1363	-82.0851879	35.7889944
1364	-79.1847758	35.7243499
1365	-79.1176017	35.7822714
1366	-79.5346115	35.5752803
1367	-79.0429683	35.8325628
1368	-79.056735	35.7739802
1369	-79.4253917	35.6324857
1370	-79.3174839	35.5909053
1371	-79.1984663	35.6169314
1372	-79.0075221	35.7337455
1373	-79.1572637	35.8388844
1374	-79.4505658	35.8018211
1375	-79.5192203	35.703636
1376	-79.4450825	35.5581057
1377	-79.2888419	35.8093418
1378	-79.4312296	35.7203336
1379	-79.3243829	35.7247549
1380	-79.0214656	35.6254345
1381	-78.9542131	35.8403103
1382	-78.4980828	36.2789984
1383	-78.4331844	36.3462447
1384	-78.4019781	36.3144334
1385	-78.4236428	36.5200855
1386	-78.3349183	36.4253339
1387	-78.4792077	36.3473135
1388	-78.3332926	36.3000766
1389	-78.3955157	36.2973015
1390	-78.3907565	36.3259195
1391	-78.4476264	36.4378174
1392	-78.3826119	36.3710353
1393	-78.4422192	36.2972479
1394	-78.4066041	36.3359251
1395	-78.3800422	36.3358887
1396	-78.4315515	36.3263212
1397	-78.4362237	36.2320439
1398	-81.5803571	35.6117347
1399	-81.8860577	35.9532451
1400	-81.599551	35.7670827
1401	-81.7913538	35.7165462
1402	-81.5782344	35.7351344
1403	-81.7411824	35.7088061
1404	-81.8265625	35.8675765
1405	-81.4390387	35.7018184
1406	-81.9071069	35.7881907
1407	-81.8512537	35.782096
1408	-81.8321153	35.6652886
1409	-81.6555237	35.8199822
1410	-81.7039702	35.731973
1411	-81.5160086	35.7523077
1412	-81.7777652	35.7913897
1413	-81.7107926	35.7898976
1414	-81.6390298	35.7007333
1415	-81.6464932	35.7555126
1416	-81.6853121	35.738743
1417	-81.6785114	35.7648288
1418	-81.5506389	35.7313325
1419	-81.4027529	35.7417632
1420	-81.6646035	35.7284083
1421	-81.4503057	35.7567997
1422	-81.7737214	35.6264033
1423	-81.6688181	35.6342591
1424	-81.7097695	35.6988872
1425	-81.6071209	35.7328448
1426	-81.4875652	35.7128041
1427	-81.5061918	35.6744847
1428	-81.7239679	35.6445743
1429	-80.1846815	35.3451728
1430	-80.2035118	35.3062399
1431	-80.1646547	35.3571619
1432	-80.3492242	35.2508549
1433	-80.124043	35.207697
1434	-80.2386457	35.3830597
1435	-80.1054192	35.3872169
1436	-80.1917646	35.4447692
1437	-80.2981501	35.4189632
1438	-80.2147633	35.3406333
1439	-80.2551788	35.4793548
1440	-80.3335642	35.3460918
1441	-80.4103117	35.2811995
1442	-80.6473891	35.9261291
1443	-80.658049	35.8727476
1444	-80.6300692	36.004922
1445	-80.5612141	35.8294924
1446	-80.5178058	36.025986
1447	-80.4126214	35.8717035
1448	-80.5011664	35.8148089
1449	-80.5494266	35.9039758
1450	-80.5608406	35.8773784
1451	-80.4060424	35.9432526
1452	-80.465744	35.9303362
1453	-80.4788944	35.9805316
1454	-80.4303047	36.0031184
1455	-80.5576502	35.9311045
1456	-80.1158959	35.3316747
1457	-80.2154336	35.2218549
1458	-80.2744145	35.2954465
1459	-80.0991574	35.2790354
1460	-80.1873013	35.3639186
1461	-80.3052529	35.2140161
1462	-80.1971842	35.3892375
1463	-80.1394709	35.4231006
1464	-80.2109982	35.3620278
1465	-80.4353294	35.2034855
1466	-77.9272637	35.7271356
1467	-77.9166353	35.7167069
1468	-77.9551718	35.7468469
1469	-77.9413982	35.7584069
1470	-78.0679381	35.731881
1471	-77.9148589	35.7308359
1472	-77.8940185	35.7582079
1473	-77.9377171	35.6346992
1474	-78.097572	35.6578053
1475	-77.8728993	35.7150563
1476	-77.8274158	35.8136208
1477	-77.9656037	35.7892798
1478	-77.749373	35.6636468
1479	-77.9567533	35.7259484
1480	-77.9092358	35.6864146
1481	-77.9160196	35.7678249
1482	-77.9409642	35.7415098
1483	-77.8991191	35.7146004
1484	-77.8038149	35.7303191
1485	-77.9286931	35.7410021
1486	-77.9393216	35.6988947
1487	-77.8775097	35.7456433
1488	-78.013891	35.6429011
1489	-77.8669276	35.6317924
1490	-80.7119789	36.2207867
1491	-80.725551	36.1068479
1492	-80.5026839	36.2214751
1493	-80.5164876	36.1394218
1494	-80.8275782	36.1217372
1495	-80.5917875	36.2453746
1496	-80.8096234	36.2177696
1497	-80.6523936	36.1390346
1498	-80.8171608	36.073924
1499	-80.6081831	36.1898638
1500	-80.8223982	36.1710797
1501	-80.5945303	36.0852384
1502	-81.4406011	35.3500143
1503	-81.6459111	35.5221349
1504	-81.553841	35.402981
1505	-81.4779119	35.31641
1506	-81.6409922	35.4252409
1507	-81.3729447	35.2279356
1508	-81.6588131	35.2396117
1509	-81.54318	35.5022786
1510	-81.6461587	35.3282013
1511	-81.4355939	35.1845646
1512	-81.5139991	35.3348579
1513	-81.5659893	35.2739619
1514	-81.514283	35.254227
1515	-81.3511298	35.1971153
1516	-81.3691283	35.2476054
1517	-81.4948735	35.4165052
1518	-81.6172652	35.3584638
1519	-81.5571145	35.3346302
1520	-81.5090374	35.2994539
1521	-81.4128355	35.287794
1522	-81.519462	35.2132418
1523	-81.5155526	35.2823768
1524	-81.7191469	35.2656671
1525	-81.6031829	35.2330237
1526	-81.698735	35.1896581
1527	-81.5530732	35.2929522
1528	-81.4353991	35.2266081
1529	-81.3641201	35.2734593
1530	-77.9913233	33.9678032
1531	-78.0865731	33.9050681
1532	-78.297788	33.9121785
1533	-78.5433801	33.965512
1534	-78.1542475	34.3007851
1535	-78.2643284	34.0968027
1536	-78.359531	34.0044133
1537	-78.171669	33.9733185
1538	-78.1431128	34.1808043
1539	-78.5679256	33.9057926
1540	-78.5270991	33.87976
1541	-78.3900074	33.9357946
1542	-78.4287563	33.8961232
1543	-78.0662691	34.2915549
1544	-78.1845492	33.9207017
1545	-78.0690994	34.044807
1546	-78.0612882	33.9361056
1547	-78.008113	34.1465246
1548	-77.9931673	34.2518696
1549	-78.4686978	34.054572
1550	-78.2686959	33.9410941
1551	-78.1315003	34.0761686
1552	-78.0486559	33.9058692
1553	-79.1906376	35.20637
1554	-79.4869709	35.1767013
1555	-79.6070357	35.4463055
1556	-79.492737	35.4576823
1557	-79.6894804	35.4738075
1558	-79.4226756	35.3700189
1559	-79.5161477	35.2027789
1560	-79.4134245	35.1062879
1561	-79.299301	35.2495172
1562	-79.511124	35.144533
1563	-79.6321817	35.3352366
1564	-79.4137339	35.1839239
1565	-79.5845144	35.224065
1566	-79.5877884	35.266469
1567	-79.2929391	35.3394714
1568	-79.5070097	35.0982725
1569	-79.4558391	35.169884
1570	-79.4926667	35.2142021
1571	-79.4380243	35.2182754
1572	-79.3690384	35.2644381
1573	-79.3796925	35.1481382
1574	-79.3864005	35.2205128
1575	-79.4585099	35.2594792
1576	-79.3482337	35.1843221
1577	-81.5798916	36.3154919
1578	-81.4875801	36.2985636
1579	-81.3942827	36.3286171
1580	-81.5295181	36.3512565
1581	-81.5146882	36.4130172
1582	-81.4263245	36.412821
1583	-81.3121286	36.4298921
1584	-81.692225	36.4229212
1585	-81.6262124	36.3789502
1586	-81.6449453	36.4895959
1587	-81.5773117	36.4812248
1588	-81.3998415	36.4958043
1589	-81.5167872	36.5213989
1590	-81.5877349	36.5189034
1591	-81.4759899	36.5546658
1592	-81.6553125	36.5405699
1593	-81.6027597	36.5692884
1594	-82.1593902	36.0108779
1595	-82.0796524	35.9000683
1596	-82.1307907	36.0704868
1597	-82.3514074	36.0973307
1598	-82.2180025	36.107319
1599	-82.0882928	36.022558
1600	-82.1243543	35.9522033
1601	-82.2377571	36.0292399
1602	-82.2729148	36.091276
1603	-79.7895658	34.9046854
1604	-79.710983	34.8429026
1605	-79.9781371	35.1303323
1606	-79.7671577	34.8975968
1607	-79.7783553	34.934417
1608	-79.6361629	34.9235256
1609	-79.8401818	35.0440849
1610	-79.7969981	34.9797338
1611	-79.7406625	35.1356306
1612	-79.8725794	35.0933839
1613	-79.7371551	35.0729659
1614	-79.6803664	35.0006863
1615	-79.6006043	35.0583234
1616	-79.8359799	34.8417045
1617	-79.8218835	34.9068918
1618	-79.7460817	35.0008024
1619	-77.8235921	36.5231407
1620	-77.6754406	36.5090517
1621	-77.4418882	36.4882152
1622	-77.3138673	36.2324893
1623	-77.1599824	36.4986735
1624	-77.5451293	36.5052123
1625	-77.531885	36.3977278
1626	-77.3295154	36.4839398
1627	-77.1638698	36.4304113
1628	-77.1882664	36.4901948
1629	-77.2096584	36.3215106
1630	-80.0751156	35.9883896
1631	-80.3281175	35.9083309
1632	-80.2920353	35.7419355
1633	-80.3519961	35.8538798
1634	-80.0658403	35.9068213
1635	-80.205601	35.725378
1636	-80.2483945	35.7910348
1637	-80.3076079	35.7996521
1638	-80.1404225	35.888103
1639	-80.0717474	35.8394574
1640	-80.1320122	35.9876491
1641	-80.0639278	35.8767638
1642	-80.1011574	35.9281338
1643	-80.2249586	35.8498702
1644	-80.1284291	35.8462626
1645	-77.4233428	36.3856915
1646	-77.3723475	36.427638
1647	-77.392985	36.3238709
1648	-77.2313326	36.4450945
1649	-77.2992077	36.3577899
1650	-80.2512135	35.8326665
1651	-80.1998824	35.9960187
1652	-80.2929376	35.848349
1653	-80.2634156	35.9665873
1654	-80.2247519	35.8957045
1655	-80.2762541	35.8668981
1656	-80.2759988	35.7932548
1657	-80.0858396	35.870582
1658	-80.1102525	35.6341826
1659	-80.109719	35.7252696
1660	-80.2559355	35.9243027
1661	-80.2754991	35.6808555
1662	-80.2097116	35.7997042
1663	-80.2654582	35.839179
1664	-80.0880585	35.7846614
1665	-80.1640384	35.7994744
1666	-80.1945503	35.626583
1667	-80.3373807	35.9595023
1668	-80.3911023	35.808707
1669	-80.402533	35.7633363
1670	-80.1892164	35.9486568
1671	-80.0798795	35.8902098
1672	-80.2728315	35.8138179
1673	-80.1165293	35.5509587
1674	-77.2213898	36.3932778
1675	-80.098113	35.8874451
1676	-80.2372075	35.8233476
1677	-80.1096718	35.673885
1678	-77.2449642	36.3563986
1679	-77.4404732	35.1719264
1680	-77.4910377	35.0990395
1681	-77.2055275	35.0096761
1682	-77.1984912	34.8883412
1683	-77.3678746	35.0505089
1684	-77.4937162	35.0153171
1685	-77.6054224	35.0288985
1686	-81.3239345	35.8382495
1687	-81.2827356	35.8376154
1688	-81.2927058	35.9139255
1689	-81.0459476	36.0072964
1690	-81.0376251	35.9406139
1691	-81.2388073	35.9822366
1692	-81.1033593	35.8365361
1693	-81.1049044	35.9390645
1694	-81.0515398	35.8704699
1695	-81.1683596	36.0123061
1696	-81.1627365	35.8660662
1697	-81.1518462	35.9366063
1698	-81.1489052	35.9029458
1699	-81.1996772	35.9273767
1700	-81.1960089	35.8799979
1701	-81.222978	35.8437753
1702	-80.795084	35.547971
1703	-80.9317295	35.683958
1704	-80.9129549	35.4957073
1705	-80.8002869	35.4787086
1706	-80.8903182	35.8686629
1707	-80.863032	35.9238066
1708	-80.9662083	35.9229863
1709	-80.766237	35.9282642
1710	-80.8581924	35.5354887
1711	-80.7552763	36.008616
1712	-80.9936889	35.8441606
1713	-80.8543697	36.0086773
1714	-76.9583262	36.3794675
1715	-77.0030061	36.5120594
1716	-76.8833661	36.356623
1717	-77.029851	36.3411214
1718	-77.069301	36.4156008
1719	-77.0475444	36.4807707
1720	-77.0959991	36.4462068
1721	-76.9800076	36.3088935
1722	-76.8032583	36.291547
1723	-76.9654051	36.2576676
1724	-76.9381546	36.2945088
1725	-77.1211354	36.3208138
1726	-80.9641694	36.0158257
1727	-80.8022792	35.7266831
1728	-80.9034146	35.8048498
1729	-77.129432	36.2581912
1730	-81.0108667	35.7443558
1731	-80.9230873	35.7609528
1732	-80.878915	35.7520432
1733	-80.8336109	35.7970283
1734	-80.9207331	35.7901274
1735	-81.0322331	35.7895873
1736	-80.8662041	35.8070731
1737	-80.8814916	35.5455183
1738	-80.9299394	35.5443096
1739	-80.8233442	35.5418697
1740	-80.8243414	35.616284
1741	-80.8917432	35.6146162
1742	-80.774353	35.7777424
1743	-81.1958975	35.2384236
1744	-81.1693312	35.277788
1745	-81.0456057	35.2320597
1746	-81.1414834	35.2031077
1747	-81.3062198	35.2981142
1748	-81.0534348	35.2687494
1749	-81.1746642	35.2161292
1750	-81.0466535	35.3016034
1751	-81.0800745	35.2718495
1752	-81.1873284	35.2767763
1753	-81.2128863	35.2869698
1754	-81.2851682	35.2681526
1755	-81.1424655	35.282036
1756	-81.3786562	35.3545004
1757	-81.02763	35.2738008
1758	-77.6900341	35.9938535
1759	-77.4992847	35.8890549
1760	-77.6374935	36.0787877
1761	-77.7603684	35.9542748
1762	-81.2727	35.3882852
1763	-81.1441082	35.2577364
1764	-81.1207505	35.2465273
1765	-81.0022674	35.3231926
1766	-81.1583845	35.2461486
1767	-81.1997449	35.3719712
1768	-80.9949631	35.37909
1769	-81.1246008	35.2251849
1770	-81.1363073	35.3768299
1771	-81.287483	35.2079895
1772	-81.2318353	35.2661308
1773	-81.1030155	35.2707192
1774	-81.3105183	35.3347485
1775	-77.5919447	35.7882847
1776	-77.5596508	35.9273191
1777	-77.7924342	35.9255831
1778	-77.5630626	36.0072976
1779	-77.6832208	35.793738
1780	-77.7898637	35.8688668
1781	-77.5029106	35.9728412
1782	-77.4097589	35.9102489
1783	-77.7307788	35.913276
1784	-77.7840041	35.9532208
1785	-77.7753236	35.9360564
1786	-77.5457317	35.8641455
1787	-77.7108324	35.8447333
1788	-81.0620246	35.3688529
1789	-81.117773	35.173183
1790	-81.2046834	35.1843669
1791	-81.2167587	35.3167984
1792	-81.0916814	35.3267288
1793	-81.1648941	35.3290443
1794	-81.202245	35.2529808
1795	-81.1109789	35.2967655
1796	-77.6613296	35.7309402
1797	-77.6305938	35.8903217
1798	-77.5802309	35.9135323
1799	-77.4800003	35.8239333
1800	-81.1758132	35.2514319
1801	-81.3895455	35.3991919
1802	-81.3348086	35.380792
1803	-81.2332272	35.2146561
1804	-81.0736008	35.2338987
1805	-81.0249843	35.1959446
1806	-81.1591438	35.261032
1807	-81.0285675	35.2464608
1808	-81.1875698	35.2569651
1809	-81.0648136	35.1815917
1810	-80.6039756	35.4816678
1811	-80.6792589	35.4012912
1812	-80.6821958	35.3798935
1813	-80.6175247	35.3752397
1814	-80.5863471	35.3648243
1815	-80.6139028	35.3495775
1816	-80.5995637	35.3961577
1817	-80.5853437	35.4509965
1818	-80.6658847	35.3604704
1819	-80.7350022	35.4726824
1820	-80.5389176	35.4700089
1821	-80.6333972	35.4868808
1822	-80.5208485	35.3789843
1823	-80.6333549	35.4606949
1824	-80.5190099	35.260338
1825	-80.5911231	35.271085
1826	-80.6669826	35.4419954
1827	-80.6352231	35.4322453
1828	-80.6350159	35.4151296
1829	-80.6438535	35.4757151
1830	-80.6457308	35.3984544
1831	-76.7700213	35.8486017
1832	-76.4409084	35.8114128
1833	-76.6492962	35.8391057
1834	-76.4928398	35.88563
1835	-76.744654	35.770443
1836	-80.6645989	35.3049691
1837	-80.6427852	35.2791307
1838	-76.7117953	35.8903563
1839	-80.6045532	35.4634927
1840	-80.6018373	35.4168693
1841	-79.2135216	35.3954554
1842	-79.1496352	35.4746899
1843	-79.0664007	35.4807372
1844	-79.2666824	35.5107452
1845	-79.1303421	35.5704325
1846	-80.6386162	35.4994088
1847	-80.5734841	35.3908777
1848	-80.6028328	35.4341511
1849	-80.5805143	35.4223413
1850	-80.7283648	35.425096
1851	-80.5594755	35.4080797
1852	-80.587056	35.409842
1853	-80.5837064	35.3960443
1854	-80.5494068	35.3495598
1855	-80.7338908	35.3929179
1856	-80.587063	35.3287626
1857	-80.6765136	35.3291535
1858	-76.6049251	36.5051154
1859	-76.6493919	36.4462819
1860	-76.8492957	36.4179223
1861	-76.8172175	36.5090877
1862	-76.725009	36.4070163
1863	-76.5885598	36.3877558
1864	-80.6220465	35.3112095
1865	-80.4564503	35.4638714
1866	-80.359666	35.4594735
1867	-80.4328645	35.4022051
1868	-80.4577511	35.3362173
1869	-80.6162804	35.4957708
1870	-80.5543503	35.3899714
1871	-80.5918566	35.4937849
1872	-80.6746905	35.4747261
1873	-77.5619355	34.5530436
1874	-77.4373473	34.4887746
1875	-77.1456448	34.6586724
1876	-77.3858289	34.8138523
1877	-77.5334279	34.7494615
1878	-77.397222	34.7578667
1879	-77.4582146	34.7820069
1880	-77.368776	34.76796
1881	-77.5694905	34.9236182
1882	-77.3126565	34.776128
1883	-77.338568	34.63192
1884	-77.4787962	34.8732901
1885	-77.2184593	34.7865223
1886	-77.3043513	34.8728727
1887	-77.2030636	34.6941424
1888	-77.527706	34.7948548
1889	-77.4942212	34.673795
1890	-77.6233028	34.8245339
1891	-77.6315211	34.7485061
1892	-77.2298928	34.7128499
1893	-77.4245154	34.8413719
1894	-77.5738084	34.6677995
1895	-77.393598	34.5483961
1896	-82.5878376	35.5701841
1897	-82.6265538	35.5555107
1898	-82.5482034	35.4992625
1899	-78.8306978	36.5051181
1900	-78.9485043	36.4186515
1901	-78.936191	36.500048
1902	-79.0606256	36.494444
1903	-78.8516083	36.2770268
1904	-78.9770934	36.2967182
1905	-82.58101	35.6694782
1906	-82.5536829	35.6174238
1907	-82.4380739	35.602835
1908	-82.4601184	35.6512546
1909	-82.4716334	35.5631411
1910	-82.7383308	35.5517937
1911	-82.826012	35.663504
1912	-82.5988057	35.5700525
1913	-82.4681266	35.6041918
1914	-82.3157827	35.6284154
1915	-82.3262039	35.6210368
1916	-82.5309937	35.75937
1917	-78.9576806	36.3695733
1918	-78.9820528	36.4240563
1919	-79.0205997	36.4089119
1920	-79.0085369	36.3635573
1921	-79.0734462	36.2625826
1922	-78.8629034	36.3973594
1923	-79.1116369	36.3091768
1924	-79.0946017	36.3937945
1925	-82.5204783	35.5010404
1926	-82.4549143	35.4994144
1927	-82.5605328	35.5722595
1928	-82.57201	35.5764388
1929	-82.282234	35.5277288
1930	-82.5470108	35.5921793
1931	-82.489031	35.4609009
1932	-82.3817106	35.7716271
1933	-82.4200233	35.5807293
1934	-82.5607994	35.5891366
1935	-82.5613865	35.6381441
1936	-82.340804	35.6100223
1937	-82.6330435	35.7121388
1938	-82.5409368	35.5352206
1939	-82.511528	35.6136549
1940	-82.5591043	35.7142343
1941	-82.482417	35.4968176
1942	-82.6674497	35.5758949
1943	-82.3267403	35.6425983
1944	-82.5552256	35.6076482
1945	-82.600256	35.6069846
1946	-82.5060608	35.5822435
1947	-82.320402	35.6079582
1948	-82.519878	35.6439945
1949	-82.3458693	35.6486461
1950	-82.4862533	35.5859295
1951	-82.4509567	35.6987507
1952	-82.3598391	35.5313727
1953	-82.5021182	35.5503579
1954	-82.582862	35.595368
1955	-82.549706	35.6250348
1956	-82.698744	35.6924053
1957	-82.6212778	35.5904095
1958	-82.6211301	35.4917798
1959	-82.698794	35.6108882
1960	-82.5110962	35.4885863
1961	-82.5881915	35.638963
1962	-82.4171719	35.6455336
1963	-82.7313323	35.481006
1964	-82.7508623	35.635947
1965	-82.690439	35.5592016
1966	-82.4049599	35.4855868
1967	-82.5356517	35.5781246
1968	-82.5341286	35.5946872
1969	-82.563262	35.7027611
1970	-82.5394509	35.6119297
1971	-82.616787	35.5696448
1972	-82.5669003	35.6023222
1973	-82.5850313	35.4659007
1974	-82.6220845	35.6402653
1975	-82.628039	35.5266541
1976	-82.5150724	35.5723957
1977	-79.2901424	34.5330719
1978	-79.2109834	34.4420716
1979	-79.3598776	34.6906509
1980	-79.1187936	34.4730666
1981	-79.1925196	34.5329154
1982	-79.1256786	34.3858374
1983	-79.0640649	34.3881455
1984	-79.0526155	34.6516723
1985	-79.0065647	34.6022577
1986	-79.0189618	34.4571561
1987	-79.0546284	34.5460533
1988	-78.9870433	34.9003845
1989	-79.1182832	34.5809234
1990	-79.160681	34.8041835
1991	-79.2476223	34.7418673
1992	-78.923561	34.5603954
1993	-79.2268739	34.6024481
1994	-78.9819469	34.7897266
1995	-79.0307762	34.7284188
1996	-78.973735	34.52424
1997	-79.3462746	34.6171304
1998	-79.0739096	34.8802856
1999	-79.1268715	34.847148
2000	-78.9610464	34.8345299
2001	-79.0796461	34.8043567
2002	-79.1839912	34.6996538
2003	-79.1943868	34.8271157
2004	-79.1569805	34.7597753
2005	-79.0983785	34.6549559
2006	-79.1235255	34.7075641
2007	-79.199672	34.6580755
2008	-79.032091	34.6071367
2009	-79.0449657	34.6193618
2010	-78.9803658	34.6275611
2011	-78.967987	34.6561081
2012	-78.980599	34.6029115
2013	-78.87194	34.671127
2014	-79.1430908	34.5039062
2015	-79.0159005	34.6330888
2016	-78.9179251	34.7292949
2017	-79.2852703	34.8023839
2018	-75.7055503	36.0795507
2019	-75.7544669	36.1843647
2020	-75.6639831	36.0272975
2021	-75.9277595	35.8172601
2022	-75.8346519	35.6970922
2023	-75.495622	35.6628251
2024	-75.7807015	35.8984849
2025	-77.9120811	34.4178428
2026	-75.7216655	36.1195439
2027	-75.7219783	36.0060902
2028	-75.6857586	35.9070145
2029	-75.6007621	35.9173346
2030	-75.5239607	35.4727035
2031	-78.1158578	34.5932005
2032	-78.1852009	34.4985792
2033	-78.1551205	34.3918351
2034	-78.0650195	34.4303083
2035	-77.9912746	34.4513951
2036	-77.9397382	34.6243624
2037	-77.7651983	34.5930735
2038	-77.6933131	34.3972433
2039	-76.4318629	36.232145
2040	-76.5394889	36.2874392
2041	-76.4715527	36.3228064
2042	-76.3650528	36.0946883
2043	-76.5057028	36.1425702
2044	-75.6874004	35.21003
2045	-75.6184328	35.2461173
2046	-75.5382774	35.2327962
2047	-77.9612379	34.5740516
2048	-78.0384846	34.6541145
2049	-76.5306643	36.1949377
2050	-76.2832602	36.1597495
2051	-75.6234776	35.8048134
2052	-77.806262	34.4771768
2053	-77.901676	34.5335037
2054	-77.5824207	34.4008993
2055	-77.6466833	34.5011989
2056	-77.7534391	34.655469
2057	-77.6953418	34.4258804
2058	-78.0294032	34.6952997
2059	-79.50178	34.9031804
2060	-79.5038282	34.7623352
2061	-79.4970692	34.7196961
2062	-79.5766521	34.8480961
2063	-79.4013447	34.9122488
2064	-79.5946224	34.7696407
2065	-79.4229943	34.7488231
2066	-79.4499611	34.6962891
2067	-79.3960394	34.7793982
2068	-79.4516016	34.7856057
2069	-76.9859424	35.4989718
2070	-76.737959	35.3122636
2071	-76.6454166	35.4352336
2072	-77.0415564	35.5411634
2073	-76.9681438	35.3779446
2074	-77.035122	35.6320281
2075	-76.874636	35.6376291
2076	-76.5731596	35.5691136
2077	-77.014126	35.4603209
2078	-77.1336348	35.6656136
2079	-77.0528588	35.5704915
2080	-77.1121631	35.4569086
2081	-77.071995	35.5614451
2082	-76.7018095	35.641272
2083	-77.0287937	35.5601042
2084	-76.9619258	35.5683657
2085	-76.8711032	35.3392728
2086	-76.8069003	35.4674408
2087	-76.7804386	35.5508398
2088	-76.9172951	35.5044036
2089	-77.0020275	35.5302913
2090	-81.24398	36.4867041
2091	-81.2746193	36.5516577
2092	-81.019138	36.4363029
2093	-81.1080153	36.5463839
2094	-80.9775737	36.5200905
2095	-81.2258607	36.4190243
2096	-81.1313929	36.4599771
2097	-81.9169523	35.4711345
2098	-82.0457927	35.4712308
2099	-81.9773149	35.3699518
2100	-81.9401971	35.3827375
2101	-82.1834155	35.4461323
2102	-81.888101	35.3447873
2103	-81.9274143	35.348519
2104	-81.8499202	35.330873
2105	-81.7572954	35.5046938
2106	-81.8179667	35.4272264
2107	-81.8246877	35.2329878
2108	-81.9788997	35.3060518
2109	-81.9068768	35.2314014
2110	-82.0578624	35.3943392
2111	-81.7693043	35.2118881
2112	-81.7544187	35.3510276
2113	-81.8522231	35.294136
2114	-80.8241809	35.2029791
2115	-80.822235	35.2098251
2116	-80.7859573	35.2713664
2117	-80.7702385	35.2433673
2118	-80.7930404	35.227408
2119	-80.7652519	35.0912855
2120	-80.8516103	35.1134716
2121	-80.7201046	35.1845355
2122	-80.7174495	35.2114472
2123	-80.7482577	35.1341864
2124	-80.8291228	35.0752708
2125	-76.365503	35.7682822
2126	-80.7508522	35.2410218
2127	-80.724307	35.2355875
2128	-80.7739775	35.2220832
2129	-80.7621807	35.2183198
2130	-80.7931033	35.210628
2131	-80.725044	35.1268839
2132	-80.8755685	35.1083678
2133	-80.8847533	35.1549142
2134	-80.7468638	35.0645245
2135	-81.0201676	35.0802731
2136	-80.9671086	35.1643013
2137	-80.8808664	35.0579851
2138	-80.8049563	35.0539386
2139	-80.7425378	35.1093277
2140	-80.680073	35.1948671
2141	-80.606846	35.2012598
2142	-80.7859909	35.1848824
2143	-80.835356	35.1912343
2144	-80.81004	35.1800007
2145	-80.8150859	35.165242
2146	-80.7326188	35.1502715
2147	-80.7887057	35.1087653
2148	-80.8396218	35.1024748
2149	-80.7198209	35.1639407
2150	-80.7654266	35.1237541
2151	-80.7433669	35.2515499
2152	-80.6962611	35.325255
2153	-80.8115091	35.3449436
2154	-80.8030301	35.3642299
2155	-80.8442529	35.209472
2156	-80.8550356	35.2037778
2157	-80.8455369	35.1723531
2158	-80.8625814	35.1599423
2159	-80.7424669	35.2917793
2160	-80.7650032	35.1644047
2161	-80.7871749	35.3103117
2162	-80.7984146	35.3202103
2163	-80.7732696	35.363495
2164	-80.7592581	35.38152
2165	-80.807131	35.4001141
2166	-80.9256233	35.468741
2167	-81.0093726	35.1334035
2168	-80.6819577	35.1597182
2169	-80.6944823	35.1738545
2170	-80.8526802	35.2320291
2171	-80.8651114	35.2461255
2172	-80.8614851	35.1841975
2173	-80.8907375	35.1910338
2174	-80.8149726	35.2158527
2175	-80.818569	35.126705
2176	-80.8276387	35.1396693
2177	-80.7831721	35.0712906
2178	-80.7518735	35.0782762
2179	-80.6986804	35.301656
2180	-80.7163915	35.282364
2181	-80.831125	35.4589096
2182	-80.8386733	35.5030215
2183	-80.8355199	35.2254676
2184	-80.8173672	35.2345929
2185	-80.8066301	35.2238099
2186	-80.8436867	35.2481036
2187	-80.8483795	35.2634576
2188	-80.8290059	35.2650833
2189	-80.8637224	35.1036362
2190	-80.7143764	35.1923336
2191	-80.6961374	35.215614
2192	-80.750298	35.1667808
2193	-80.7527379	35.2006207
2194	-80.8642272	35.2806957
2195	-80.8454153	35.1460796
2196	-80.8655629	35.1388564
2197	-80.7677137	35.1104474
2198	-80.78711	35.1379648
2199	-80.870213	35.125405
2200	-80.8055598	35.07281
2201	-80.8020058	35.198804
2202	-80.8201788	35.193274
2203	-80.8336275	35.1692163
2204	-80.86921	35.150265
2205	-80.7639396	35.2569119
2206	-80.7568133	35.2303668
2207	-80.7217058	35.2487052
2208	-80.728179	35.224281
2209	-80.7310743	35.1705282
2210	-80.7720668	35.2990137
2211	-80.7809409	35.3456692
2212	-80.8457104	35.189504
2213	-80.8603328	35.1948387
2214	-80.7337135	35.1946576
2215	-80.7421889	35.178969
2216	-80.873461	35.0877561
2217	-80.8639613	35.074898
2218	-80.7506983	35.1894124
2219	-80.8670495	35.21052
2220	-80.8862486	35.2325758
2221	-80.9202323	35.2339728
2222	-80.7601534	35.1764212
2223	-80.769963	35.1551862
2224	-80.7975224	35.096181
2225	-80.7550111	35.2752127
2226	-80.8799393	35.2425639
2227	-80.8971307	35.2600352
2228	-80.8610495	35.2617842
2229	-80.7790823	35.1741494
2230	-80.7853466	35.1528549
2231	-80.8464944	35.4356287
2232	-80.88137	35.3951637
2233	-80.8194304	35.3263183
2234	-80.7068601	35.096166
2235	-80.7832485	35.0458859
2236	-80.9322414	35.1517256
2237	-80.8415906	35.025052
2238	-80.8164462	35.0356309
2239	-80.8516966	35.0494338
2240	-80.8139347	35.2845137
2241	-80.8132727	35.2597478
2242	-80.7761104	35.1353565
2243	-80.8060628	35.1074537
2244	-80.7961983	35.1325526
2245	-80.8128043	35.1524675
2246	-80.8307699	35.0554036
2247	-80.7286772	35.3146032
2248	-80.9192231	35.4261848
2249	-80.8754753	35.421867
2250	-80.7839965	35.246096
2251	-80.7863255	35.2231937
2252	-80.801846	35.2472928
2253	-80.8883848	35.2154304
2254	-80.8099605	35.1424175
2255	-80.8304502	35.1282419
2256	-80.8329903	35.1588409
2257	-80.8913132	35.4600423
2258	-80.9897156	35.2038368
2259	-80.6431272	35.2309938
2260	-80.6827179	35.2448918
2261	-80.6916873	35.2718192
2262	-80.8325581	35.4235991
2263	-80.9142874	35.3688734
2264	-80.8687166	35.3141687
2265	-80.8601805	35.3463194
2266	-80.7397121	35.3387771
2267	-80.8275421	35.1829155
2268	-80.7733055	35.2075264
2269	-80.7730648	35.1916619
2270	-80.8462751	35.1261591
2271	-80.8600572	35.132188
2272	-80.9497941	35.1143553
2273	-80.8967141	35.1247646
2274	-80.9010377	35.0941766
2275	-80.9369412	35.132945
2276	-80.8345723	35.2943827
2277	-80.7906756	35.3403598
2278	-80.7180246	35.1043492
2279	-80.7997191	35.1843676
2280	-80.7884793	35.1673012
2281	-80.9068622	35.152809
2282	-80.9096338	35.1799548
2283	-80.7039298	35.1422993
2284	-80.6783375	35.1217522
2285	-76.2244264	35.6582427
2286	-76.1683369	35.76051
2287	-80.863448	35.1694236
2288	-80.8676429	35.1788405
2289	-80.9333177	35.2118591
2290	-80.8849426	35.2709756
2291	-80.9518471	35.2493211
2292	-80.9547089	35.2714191
2293	-80.9204687	35.2637763
2294	-80.7765299	35.2711952
2295	-80.6976125	35.2005828
2296	-80.7444053	35.2097158
2297	-80.7332912	35.2120282
2298	-80.767419	35.1378007
2299	-80.8303022	35.1011299
2300	-80.8150979	35.1193879
2301	-80.8498841	35.0764286
2302	-80.9404025	35.294362
2303	-80.7839267	35.0888286
2304	-80.6460906	35.2025186
2305	-80.6449108	35.1561492
2306	-80.89856	35.304409
2307	-80.9405259	35.317717
2308	-80.968198	35.327698
2309	-80.9884739	35.2734371
2310	-76.0501519	35.9632676
2311	-76.2590306	35.949402
2312	-76.3259419	35.9173994
2313	-79.6366963	36.3548798
2314	-79.678364	36.3104564
2315	-79.6010763	36.3025558
2316	-79.7418814	36.5128178
2317	-79.7533224	36.4230137
2318	-79.585606	36.4629824
2319	-79.7893963	36.5083934
2320	-79.8191879	36.4891217
2321	-79.6785369	36.5196012
2322	-79.732196	36.3461521
2323	-79.9756041	36.3108592
2324	-79.8860796	36.3669699
2325	-80.0028008	36.39313
2326	-79.5721137	36.3776371
2327	-79.7424118	36.2792312
2328	-79.8968961	36.4846304
2329	-79.8546723	36.3036767
2330	-79.9772021	36.4567104
2331	-83.7036824	35.503739
2332	-83.3102112	35.2245015
2333	-83.3152303	35.0205138
2334	-83.4303947	35.0470378
2335	-83.2082118	35.0490151
2336	-83.4184558	35.1351297
2337	-83.2409911	35.1169891
2338	-83.4006269	35.1670428
2339	-83.5263743	35.115026
2340	-83.2920083	35.167186
2341	-83.6354935	35.2240758
2342	-83.5220933	35.2451405
2343	-83.3937774	35.2804331
2344	-83.4407119	35.2049076
2345	-83.412281	35.188956
2346	-83.3631718	35.1586241
2347	-80.1689143	36.2911668
2348	-80.1248729	36.3160625
2349	-80.2377248	36.286886
2350	-80.333647	36.3590415
2351	-80.3379909	36.2795697
2352	-80.245109	36.4620617
2353	-80.3926263	36.2769622
2354	-80.372256	36.4527317
2355	-80.2165291	36.4077606
2356	-80.1177073	36.4819219
2357	-80.3101994	36.2882551
2358	-80.3522474	36.4158179
2359	-80.4134361	36.5080311
2360	-80.4195186	36.3551831
2361	-80.3778342	36.316449
2362	-80.3392728	36.5040508
2363	-80.0742574	36.4029822
2364	-80.2006444	36.3588038
2365	-80.0740983	36.3452914
2366	-80.0759755	36.2831826
2367	-80.7429942	34.8915068
2368	-80.7563091	35.0121514
2369	-80.6577321	34.8662332
2370	-80.7885033	34.9854563
2371	-80.7240952	34.9524279
2372	-80.6806713	35.0520511
2373	-80.7047168	35.0013805
2374	-80.6253776	34.9785261
2375	-80.536926	34.9855078
2376	-80.6252416	35.0699359
2377	-80.6763135	34.9439125
2378	-80.6139659	34.9266267
2379	-80.7410646	34.8414761
2380	-80.6498535	35.110411
2381	-80.7330681	35.0397572
2382	-80.5551303	34.9310849
2383	-80.6055323	35.000475
2384	-80.6088905	35.0250814
2385	-80.5069701	34.9878876
2386	-80.5612768	35.001591
2387	-80.4549722	35.0372925
2388	-80.5336356	35.0326511
2389	-80.3411674	35.0339338
2390	-80.3722878	34.9428281
2391	-80.4553083	34.9861397
2392	-80.4966502	35.0919397
2393	-80.569475	35.0756719
2394	-80.5576087	34.9819201
2395	-80.529309	34.9650058
2396	-80.5496165	34.9666631
2397	-80.4729806	34.9192265
2398	-80.5428009	34.863194
2399	-80.3689606	34.9868325
2400	-80.3908665	34.8630528
2401	-80.5728199	35.1581795
2402	-80.7007692	35.0464422
2403	-80.6596803	35.0621581
2404	-80.5824243	35.0332502
2405	-80.6174657	35.1008865
2406	-80.6964277	35.0759947
2407	-80.5020972	35.1467389
2408	-80.6152443	35.1323075
2409	-80.3718875	35.120563
2410	-80.7576144	34.9291806
2411	-80.669293	35.0082535
2412	-80.6588218	35.0318043
2413	-80.6343737	35.0844874
2414	-80.6418835	35.1265489
2415	-80.6673017	35.0550763
2416	-78.6915427	35.8968975
2417	-78.7120159	35.9484051
2418	-78.7485812	35.9126903
2419	-78.7148275	35.8918633
2420	-78.6237645	35.7666348
2421	-78.6426598	35.7680895
2422	-78.6708198	35.776542
2423	-78.6524517	35.8860377
2424	-78.6962289	35.8587438
2425	-78.6650043	35.8747399
2426	-78.7416793	35.8695564
2427	-78.6711823	35.8473935
2428	-78.5990424	35.7453574
2429	-78.6520444	35.7397311
2430	-78.620503	35.7721623
2431	-78.6032842	35.7728634
2432	-78.6159666	35.8365781
2433	-78.6479207	35.8414384
2434	-78.6959306	35.814488
2435	-78.6348043	35.8398706
2436	-78.6807333	35.883202
2437	-78.6651218	35.898401
2438	-78.6354983	35.8864032
2439	-78.6329891	35.7909632
2440	-78.6180216	35.8024522
2441	-78.6272107	35.8133912
2442	-78.6544515	35.8249872
2443	-78.6558461	35.872004
2444	-78.6719035	35.8631398
2445	-78.687899	35.8670383
2446	-78.6424478	35.8110231
2447	-78.6406468	35.8024295
2448	-78.6507214	35.7851436
2449	-78.7014279	35.8458187
2450	-78.816998	35.6648801
2451	-78.7936715	35.6815967
2452	-78.7993293	35.6480941
2453	-78.8151769	35.6383613
2454	-78.8731842	35.6314715
2455	-78.8588227	35.8110171
2456	-78.7877619	35.8844437
2457	-78.8518048	35.8463187
2458	-78.8136442	35.8185073
2459	-78.84066	35.815297
2460	-78.7734375	35.8018212
2461	-78.6521411	35.7930297
2462	-78.6524428	35.801834
2463	-78.7946674	35.7920074
2464	-78.8307704	35.7776929
2465	-78.7871906	35.8248705
2466	-78.6568615	35.8121703
2467	-78.6663943	35.8067144
2468	-78.7850988	35.8158803
2469	-78.7969962	35.7648394
2470	-78.8131201	35.7806622
2471	-78.808412	35.76444
2472	-78.8388091	35.7742685
2473	-78.7598576	35.7568038
2474	-78.68213	35.7975536
2475	-78.6668932	35.7940621
2476	-78.7745303	35.7925215
2477	-78.8274939	35.7680552
2478	-78.821264	35.7893297
2479	-78.7949558	35.8078336
2480	-78.7986769	35.7479068
2481	-78.7757933	35.7532872
2482	-78.7488828	35.8207959
2483	-78.7887441	35.7688612
2484	-78.7501327	35.770992
2485	-78.7660606	35.7801218
2486	-78.9102542	35.7602828
2487	-78.9248328	35.7379155
2488	-78.8621858	35.7852901
2489	-78.8189407	35.7340513
2490	-78.85737	35.7525821
2491	-78.8699509	35.7182329
2492	-78.7974898	35.7223575
2493	-78.856985	35.7683684
2494	-78.8385326	35.7450283
2495	-78.8979826	35.809268
2496	-78.8177309	35.7038245
2497	-78.5202956	35.8750742
2498	-78.4851685	35.877139
2499	-78.5203135	35.9451028
2500	-78.5298485	35.9658167
2501	-78.7907806	35.7804208
2502	-78.9319816	35.6610385
2503	-78.6307827	35.9053641
2504	-78.6812008	35.9361478
2505	-78.5997166	35.940698
2506	-78.6388092	35.9554439
2507	-78.6741168	35.9689313
2508	-78.6672316	35.9174769
2509	-78.4722578	35.9387933
2510	-78.4179817	35.9218606
2511	-78.4871159	35.9777631
2512	-78.5541865	35.9470836
2513	-78.538588	35.9972817
2514	-78.513761	35.9112789
2515	-78.5086096	35.9970406
2516	-78.7423225	35.7435748
2517	-78.7108894	35.6778229
2518	-78.7154778	35.7423228
2519	-78.7749773	35.7105519
2520	-78.699942	35.7131575
2521	-78.7679016	35.7329471
2522	-78.7590186	35.6933039
2523	-78.6879735	35.7474413
2524	-78.5559489	35.8413362
2525	-78.632866	35.8578036
2526	-78.6189564	35.7380523
2527	-78.7409303	35.781167
2528	-78.7107121	35.7735665
2529	-78.6128573	35.891918
2530	-78.5773723	35.8311705
2531	-78.559795	35.7568665
2532	-78.5161199	35.7803362
2533	-78.5573603	35.7891187
2534	-78.4995628	35.7413251
2535	-78.5673229	35.8156157
2536	-78.4913609	35.8291262
2537	-78.5481987	35.8137466
2538	-78.4722507	35.7874054
2539	-78.5872323	35.811052
2540	-78.5806489	35.6588208
2541	-78.5527394	35.7235548
2542	-78.6339801	35.6850817
2543	-78.594486	35.8442335
2544	-78.6338636	35.8739221
2545	-78.6158603	35.7038818
2546	-78.6561685	35.6965458
2547	-78.6152237	35.6783856
2548	-78.6094871	35.8593027
2549	-78.6237571	35.860269
2550	-78.6083296	35.8767601
2551	-78.6992432	35.7705138
2552	-78.6333755	35.7073713
2553	-78.6057858	35.7233659
2554	-78.5283211	35.6904812
2555	-78.6383054	35.6573701
2556	-78.6640017	35.5877625
2557	-78.6787649	35.647572
2558	-78.6147382	35.6132181
2559	-78.5942959	36.0010752
2560	-78.6885327	36.0486545
2561	-78.5852439	35.9164091
2562	-78.5620303	35.9150285
2563	-78.5455974	35.8940505
2564	-78.5844313	35.7692737
2565	-78.6499927	35.8610519
2566	-78.5971366	35.8241683
2567	-78.6374809	35.8501544
2568	-78.6356249	35.8267619
2569	-78.629378	35.7542973
2570	-78.560754	35.8773935
2571	-78.5648359	35.8630577
2572	-78.5797589	35.888133
2573	-78.5880938	35.8717925
2574	-78.5944405	35.9009487
2575	-78.5532211	35.8546323
2576	-78.7932502	35.6146532
2577	-78.8191845	35.5927424
2578	-78.7072975	35.6169978
2579	-78.77277	35.5602869
2580	-78.7469907	35.6495386
2581	-78.7093099	35.5620374
2582	-78.6191048	35.7852351
2583	-78.6849745	35.812495
2584	-78.8108505	35.5636722
2585	-78.7482861	35.6110611
2586	-78.7002043	35.8356129
2587	-78.7236209	35.8121055
2588	-78.4401234	35.7549729
2589	-78.3643348	35.7811811
2590	-78.3790558	35.8214365
2591	-78.433055	35.8109394
2592	-78.2996806	35.8565244
2593	-78.3065405	35.8027558
2594	-78.3860355	35.8884053
2595	-78.743343	35.8960143
2596	-78.7199938	35.8838766
2597	-78.7087833	35.8707215
2598	-78.7359933	35.9303146
2599	-78.715151	35.9203025
2600	-78.6945035	35.8794534
2601	-78.7241794	35.7742114
2602	-78.6963894	35.7853687
2603	-78.6578515	35.8457342
2604	-78.6727236	35.8203854
2605	-78.6022102	35.7957262
2606	-78.6505853	35.7654171
2607	-76.5084082	34.7303516
2608	-76.8310983	34.8239256
2609	-76.9197468	34.7908297
2610	-76.5447262	34.6059882
2611	-76.8839137	34.6873447
2612	-76.8257186	34.7291472
2613	-76.5645086	34.7456932
2614	-76.663543	34.7116748
2615	-77.0847427	34.6870173
2616	-77.0776191	34.7367665
2617	-76.6280861	34.7385017
2618	-76.7034447	34.7359679
2619	-76.835454	34.7493443
2620	-77.0104105	34.7267642
2621	-76.7675897	34.7902655
2622	-76.7521138	34.7256184
2623	-76.7301417	34.6975549
2624	-76.9190129	34.7341124
2625	-77.0463625	34.6589423
2626	-76.4535868	34.7112864
2627	-76.2079579	34.9899867
2628	-76.373646	34.872983
2629	-76.4163815	34.8270226
2630	-76.5965692	34.8140775
2631	-76.7238237	34.8139689
2632	-76.677021	34.839173
2633	-76.7581885	34.746792
2634	-76.8212645	34.6942093
2635	-76.4668102	34.995905
2636	-76.655385	34.8294281
2637	-77.0173269	34.7804097
2638	-76.6002532	34.9232319
2639	-76.326675	34.8912408
2640	-76.5054585	34.8121688
2641	-78.9497764	35.0562361
2642	-78.9238046	35.0474971
2643	-78.9594754	35.0191379
2644	-78.9399766	35.0205542
2645	-78.974552	34.9935817
2646	-78.9117901	35.0737525
2647	-78.906042	35.08221
2648	-78.8958375	35.0894671
2649	-78.9283089	35.0590509
2650	-78.9207625	35.0383071
2651	-78.9148017	35.0280198
2652	-78.9079001	35.0617326
2653	-78.9072444	35.0526089
2654	-78.89362	35.0603599
2655	-78.8767937	35.0838122
2656	-78.8637426	35.0658508
2657	-78.9371316	34.9446759
2658	-78.6788892	34.9188158
2659	-78.8818553	34.8813938
2660	-78.9872522	35.0227004
2661	-79.009666	34.9768983
2662	-78.8138781	35.1017305
2663	-78.7332729	35.0913917
2664	-78.9632678	35.0355577
2665	-78.8837096	35.1598606
2666	-79.066024	35.0596428
2667	-78.8772554	35.0444552
2668	-78.9245432	35.1032112
2669	-78.9824988	35.078144
2670	-79.0121743	35.1506656
2671	-78.7838342	35.2194501
2672	-79.0048039	35.0647217
2673	-78.8766147	34.9901485
2674	-79.0028796	35.0880065
2675	-78.8285191	34.9396598
2676	-78.8018058	35.0245295
2677	-78.9369374	35.0714297
2678	-78.9361044	35.0857242
2679	-78.7011213	35.1673891
2680	-78.9988819	35.0733601
2681	-78.961078	35.0959057
2682	-78.9831631	35.0964964
2683	-78.9918553	35.0952455
2684	-79.0648204	35.041806
2685	-79.0403376	35.0522304
2686	-78.9680071	35.0680386
2687	-78.966458	35.0500166
2688	-79.0213084	35.0310244
2689	-83.4186437	35.3546698
2690	-83.4122051	35.5442605
2691	-83.5256242	35.4338987
2692	-83.2928984	35.5625284